4245
0	1	0
2	3	1
4	5	2
6	7	3
8	9	4
10	11	5
12	13	6
14	15	7
16	17	8
8	18	4
19	20	9
21	22	10
23	24	11
25	26	0
27	28	12
29	30	4
31	32	13
33	34	14
35	36	15
37	36	15
38	3	1
39	5	2
40	41	16
42	43	17
44	36	15
43	45	18
46	47	7
48	49	19
50	36	15
51	5	2
52	3	1
53	54	19
55	56	20
57	58	21
59	36	15
60	61	22
62	63	23
64	65	14
66	3	24
67	17	8
68	69	25
70	71	26
72	36	15
73	15	7
74	17	8
2	75	0
76	6	7
77	78	27
79	80	28
81	82	21
83	49	29
84	47	7
85	36	15
86	81	21
87	88	24
89	90	30
91	92	7
93	17	8
94	95	2
96	36	15
97	98	31
99	17	8
100	49	32
101	17	8
102	103	16
104	105	33
106	36	15
107	108	34
109	110	35
111	112	6
113	114	26
115	116	31
117	118	36
119	36	15
120	121	37
33	122	14
59	17	8
123	49	19
124	17	8
125	36	15
126	17	8
127	3	1
128	129	38
130	131	16
132	36	15
133	134	39
135	136	37
10	49	29
137	5	2
138	134	39
139	140	6
141	5	2
38	134	39
142	143	6
144	3	1
145	146	9
147	148	40
149	150	41
151	152	34
153	154	42
155	6	7
156	5	2
157	158	2
159	160	43
92	161	44
162	163	12
164	165	26
166	167	45
168	169	31
170	171	46
172	173	37
174	47	10
175	176	47
148	177	41
178	179	48
160	159	46
180	17	8
181	182	12
183	17	8
184	185	49
186	92	7
187	188	26
189	5	2
190	191	50
192	193	43
194	49	19
195	196	9
3	38	14
197	198	51
199	200	41
201	202	52
203	163	18
49	204	53
205	206	18
207	208	54
209	210	31
211	36	15
212	49	32
213	214	41
215	17	8
216	17	8
217	148	28
218	178	10
140	139	47
219	220	22
221	17	8
222	162	37
223	224	55
225	22	10
226	139	47
192	4	56
227	165	26
228	229	34
230	231	26
232	173	47
132	136	37
233	17	8
234	235	18
236	237	31
238	17	8
239	17	8
238	36	15
240	241	4
206	242	26
243	244	49
242	119	38
245	246	0
247	248	57
249	250	46
251	70	16
165	252	16
253	49	58
162	254	17
148	255	41
256	64	1
257	258	9
78	77	27
68	17	8
259	17	8
260	134	39
261	167	45
8	262	4
8	263	4
264	148	28
131	265	16
173	266	6
63	267	59
268	134	39
269	5	2
145	235	16
187	270	26
271	272	0
273	134	39
274	3	1
275	276	60
15	161	61
70	277	9
8	278	62
279	280	9
281	282	63
283	284	64
29	285	4
286	17	8
287	288	12
289	36	15
290	291	54
3	292	14
293	5	2
203	24	11
294	3	1
38	49	19
295	49	65
296	36	15
76	92	7
297	298	7
299	17	8
300	301	37
39	302	16
303	304	9
305	306	2
307	308	16
309	310	10
231	36	15
36	311	66
312	313	26
229	314	67
315	316	18
252	164	16
10	317	68
185	318	2
319	202	38
43	145	18
320	321	26
71	251	16
189	322	37
323	36	15
212	324	69
36	325	66
326	90	54
139	232	6
327	12	37
300	328	37
329	330	70
331	332	71
333	88	1
8	334	4
146	49	19
335	336	9
337	139	37
338	339	12
340	287	37
173	341	6
342	343	9
344	36	15
231	148	28
345	5	2
242	17	8
346	17	8
347	348	54
90	154	42
313	349	26
90	350	41
8	351	4
352	70	16
281	36	15
353	154	45
354	49	19
355	356	31
129	167	45
8	357	4
358	308	26
269	36	15
359	17	8
178	360	64
174	298	10
129	128	38
327	36	15
361	362	68
363	364	16
365	176	37
366	367	72
368	299	52
233	36	15
369	216	73
370	243	74
20	49	19
371	372	9
373	374	75
46	92	7
129	17	8
344	49	29
128	154	45
375	376	6
173	377	12
378	379	56
380	381	16
240	49	76
382	383	77
384	17	8
385	3	1
386	5	2
173	387	6
358	5	2
388	339	16
102	17	8
135	131	16
94	389	16
390	391	38
392	393	59
394	10	78
395	396	7
397	17	8
398	158	2
399	396	7
8	400	4
401	402	1
403	3	1
404	36	15
43	405	71
173	376	6
130	17	8
184	88	1
406	407	14
408	22	7
112	80	7
409	17	8
410	411	37
8	412	76
3	413	14
414	415	79
416	49	19
417	5	2
418	419	12
420	220	22
421	15	7
41	5	2
422	36	15
112	3	1
135	423	16
424	425	13
426	62	80
371	36	15
427	36	15
210	36	15
428	36	15
3	429	14
92	430	41
431	57	81
3	432	14
433	17	8
434	435	46
235	436	9
437	438	82
439	17	8
88	440	14
380	17	8
65	64	1
441	49	29
442	443	83
391	17	8
444	49	58
445	446	37
447	448	13
310	148	84
186	47	85
148	449	41
450	451	37
388	49	29
148	184	14
452	49	19
453	454	2
102	5	2
455	456	46
457	458	9
459	460	60
274	178	7
461	462	73
463	367	72
464	15	84
460	49	19
465	49	65
466	148	28
210	17	8
29	18	4
152	17	8
410	17	8
440	3	1
365	36	15
467	36	15
468	469	86
470	36	15
471	36	15
472	181	37
473	383	30
474	369	87
290	475	37
49	476	88
477	17	8
113	114	16
478	284	64
479	36	15
480	310	89
8	377	62
481	482	82
8	483	4
69	410	90
484	36	15
429	49	19
485	486	56
401	335	0
11	10	16
487	5	2
488	489	0
490	17	8
57	191	87
491	148	28
183	49	58
29	262	4
399	80	7
492	49	19
29	49	76
493	494	16
495	496	83
497	3	1
498	17	8
499	487	82
500	501	82
502	36	15
503	49	29
504	36	15
234	505	71
270	17	8
114	506	91
507	372	9
173	232	6
508	17	8
310	480	89
92	509	41
510	511	9
512	496	83
513	514	18
486	36	15
320	515	16
516	284	64
517	36	15
518	90	54
519	47	7
520	267	59
276	49	19
157	27	37
521	162	37
362	361	78
29	400	4
522	36	15
523	524	9
525	5	2
526	17	8
527	5	2
528	36	15
529	530	71
531	47	7
72	17	8
532	17	8
312	349	26
533	534	2
3	535	14
119	327	16
377	385	46
528	49	29
234	180	18
312	322	37
536	24	11
19	36	15
537	5	2
538	49	19
539	438	92
540	541	21
153	542	93
543	544	41
387	64	1
8	545	62
381	380	94
546	86	95
13	49	19
362	547	96
139	460	6
548	17	8
549	42	37
541	550	21
551	552	84
395	92	7
368	299	94
385	244	49
553	380	16
554	555	16
309	22	10
556	49	19
557	36	15
224	105	97
558	36	15
119	131	94
559	36	15
386	17	8
409	36	15
175	514	78
560	17	8
561	562	13
563	36	15
45	49	58
8	564	4
565	357	98
566	80	10
566	298	10
567	49	19
58	568	21
569	36	15
570	571	99
572	550	87
573	17	8
209	115	100
572	574	101
575	49	32
423	71	16
164	197	9
494	576	9
577	139	37
136	578	12
579	580	102
581	92	103
322	581	6
572	461	21
230	36	15
582	17	8
165	227	26
583	36	15
166	423	16
21	15	10
584	585	16
244	17	8
257	258	46
178	298	104
3	586	14
207	100	46
587	49	19
338	388	12
588	380	18
395	134	39
527	589	9
590	591	53
592	17	8
206	36	15
267	593	70
594	222	26
62	520	23
595	596	0
597	224	55
598	599	105
600	601	106
211	17	8
222	17	8
111	602	6
181	603	6
604	17	8
605	47	7
500	606	82
321	515	16
55	56	107
277	3	1
45	607	16
288	348	54
608	17	8
12	609	6
577	36	15
561	562	108
610	611	43
612	613	1
614	446	37
615	139	37
185	36	15
358	616	26
617	618	99
49	253	88
619	148	40
387	92	7
620	17	8
31	621	108
622	17	8
623	624	46
493	135	16
622	625	54
14	64	1
577	167	45
626	176	37
535	3	1
52	367	72
250	49	32
627	628	43
235	523	16
238	629	9
159	64	24
630	631	109
176	277	6
8	632	4
633	90	110
358	17	8
634	635	46
636	17	8
637	284	64
638	148	111
84	639	39
525	49	29
157	49	29
579	640	2
641	469	86
642	643	112
644	36	15
188	187	16
645	646	22
647	324	34
648	649	12
566	650	10
113	250	46
589	3	1
391	390	94
122	3	1
651	652	113
653	36	15
317	10	114
654	36	15
655	656	115
657	658	98
388	167	45
607	125	16
246	659	26
660	57	81
661	167	45
310	662	116
663	47	7
523	36	15
664	367	72
36	665	66
666	441	117
560	27	37
667	310	10
605	148	7
668	15	10
669	670	84
80	671	41
530	672	114
673	17	8
595	3	1
296	674	118
675	676	26
677	678	45
299	278	16
679	5	2
680	454	2
681	17	8
305	682	119
683	409	120
182	462	94
97	684	31
387	685	7
285	233	34
331	24	11
3	686	14
687	36	15
349	5	2
688	90	110
689	690	34
691	604	16
240	692	4
693	582	43
53	3	1
694	695	121
696	697	102
355	182	31
634	36	15
184	3	1
698	402	1
109	699	98
181	277	6
349	313	16
700	561	82
39	451	37
701	17	8
702	221	16
36	291	66
3	519	14
527	139	37
703	17	8
704	702	16
705	706	60
90	707	41
708	678	45
510	36	15
709	341	46
2	710	47
88	595	14
711	89	122
398	17	8
265	166	16
139	712	6
713	409	102
64	714	14
715	17	8
716	717	9
718	17	8
217	17	8
173	277	6
234	164	18
1	719	46
586	3	24
595	703	114
21	310	10
720	17	8
172	530	68
561	47	28
174	92	10
103	102	26
721	640	2
433	36	15
722	92	10
219	723	22
13	472	123
661	724	16
316	36	15
725	290	12
342	167	45
90	153	84
642	49	65
726	727	9
35	17	8
241	383	30
50	17	8
728	77	16
729	36	15
649	390	16
730	731	124
732	3	1
733	17	8
160	36	15
112	134	39
166	734	94
292	49	19
166	165	16
58	81	21
12	589	6
8	735	4
736	737	1
738	148	103
739	740	16
352	741	16
742	162	37
743	733	12
733	5	2
555	36	15
387	49	19
744	745	13
8	746	4
115	721	31
747	92	7
59	38	46
240	748	4
474	568	21
83	410	16
749	36	15
416	92	7
312	515	26
750	751	112
752	17	8
753	17	8
494	493	16
391	754	2
582	702	16
755	36	15
222	756	16
594	222	16
757	104	97
272	139	37
1	278	16
304	3	1
758	17	8
337	17	8
759	130	16
760	761	31
649	340	16
762	49	58
605	22	7
73	22	7
763	80	7
764	49	112
765	49	19
728	17	8
76	49	19
68	139	37
766	17	8
540	546	125
1	0	9
758	767	9
714	64	1
696	92	28
75	2	46
768	36	15
769	148	28
180	164	26
159	363	43
310	602	126
770	162	37
611	678	45
498	165	26
489	36	15
771	772	16
773	697	102
420	774	22
620	605	9
775	776	127
531	396	7
777	134	39
90	778	41
253	49	29
480	179	48
139	65	6
67	767	9
772	139	37
46	80	7
585	17	8
4	192	91
779	640	2
251	158	2
780	134	39
165	91	46
781	454	2
166	494	16
782	783	80
784	49	19
596	173	37
785	17	8
786	17	8
787	176	37
788	36	15
138	49	19
789	36	15
519	49	19
515	36	15
166	132	16
1	790	54
791	792	105
8	642	4
406	256	14
793	5	2
210	648	37
794	383	77
423	251	26
394	11	106
588	795	18
423	166	16
572	445	101
341	709	56
246	796	128
797	36	15
661	798	46
312	321	16
799	675	26
315	129	18
320	278	16
779	800	68
598	517	0
138	377	0
533	5	2
801	90	110
578	301	37
277	70	0
46	49	19
390	802	16
803	380	38
421	3	1
251	131	16
804	3	1
582	805	37
243	370	74
806	807	31
560	158	2
758	767	46
449	148	40
383	808	41
809	5	2
810	811	34
812	3	1
579	5	2
813	36	15
810	528	34
121	553	12
814	805	37
815	36	15
816	39	38
817	36	15
519	6	7
392	818	59
149	167	42
763	3	1
819	296	34
436	47	7
820	821	12
402	822	14
647	753	34
823	88	1
824	36	15
825	17	8
655	49	65
826	17	8
99	167	45
768	5	2
361	49	29
173	595	6
827	96	16
828	829	100
219	830	22
831	639	39
363	364	26
832	146	46
724	661	16
756	222	16
299	368	52
3	833	14
265	34	46
834	149	110
835	49	19
233	158	2
836	6	7
837	47	28
517	838	37
839	36	15
802	17	8
353	215	94
732	132	0
840	173	37
663	841	129
842	415	130
252	226	46
240	750	4
504	17	8
227	17	8
222	843	37
297	47	7
561	36	15
844	36	15
845	36	15
846	49	19
741	165	26
520	847	59
174	848	10
849	17	8
850	17	8
718	148	28
851	178	7
90	852	41
215	353	94
173	25	6
132	165	16
853	854	126
799	5	2
855	489	82
530	49	19
88	856	14
749	167	45
162	857	17
166	336	9
555	5	2
180	252	26
515	312	16
218	310	10
858	189	26
583	49	29
252	180	26
859	420	22
612	406	1
860	367	72
764	643	112
861	862	24
714	3	1
3	863	14
368	864	46
121	245	6
311	865	84
866	461	81
867	802	18
439	280	9
629	3	1
868	90	30
869	5	2
716	870	9
871	872	131
611	17	8
302	39	16
174	650	10
230	678	45
873	284	64
874	875	108
29	876	4
390	391	94
265	877	9
39	131	38
377	36	15
878	879	108
114	113	16
617	880	132
727	737	1
670	669	84
566	881	10
882	367	72
883	220	22
884	3	1
607	45	26
752	36	15
188	187	26
885	17	8
84	22	7
70	352	16
818	886	70
802	302	16
305	697	133
235	145	16
887	888	84
73	88	1
793	121	37
410	36	15
52	49	19
889	890	134
124	891	54
141	405	91
402	892	14
438	92	28
391	411	37
79	451	37
8	893	4
847	18	70
894	454	2
750	895	112
230	17	8
531	92	7
347	36	15
896	242	34
8	1	62
299	36	15
581	15	7
612	64	1
897	898	34
55	92	107
88	521	31
826	899	9
900	64	1
859	61	22
600	396	7
901	17	8
704	582	16
902	17	8
903	572	21
904	5	2
905	36	15
855	54	135
8	906	4
165	498	16
176	907	6
767	134	39
908	909	122
235	378	46
910	653	34
36	911	66
912	17	8
913	762	16
186	47	7
341	3	1
914	17	8
765	134	39
624	623	78
387	176	47
847	241	70
332	3	1
276	3	1
29	735	4
915	17	136
916	737	24
917	49	112
918	49	19
507	36	15
173	919	12
920	49	19
247	80	57
13	12	47
8	921	4
297	92	7
165	741	26
821	49	29
191	57	87
434	435	9
342	5	2
339	388	16
322	312	12
576	134	39
649	287	37
429	3	1
922	136	37
634	1	16
923	5	2
924	92	40
45	925	16
926	927	24
928	369	87
929	930	107
931	17	8
57	82	21
132	932	16
531	80	7
933	329	59
934	17	8
458	134	39
724	535	9
362	80	103
279	935	54
91	396	7
455	936	16
47	179	48
937	36	15
716	17	8
938	939	56
940	92	103
182	17	8
231	230	26
941	17	8
441	155	46
3	763	14
160	38	9
751	49	137
317	11	106
148	942	41
877	367	72
943	594	18
190	17	8
493	36	15
272	36	15
240	944	76
267	868	70
945	946	92
947	49	29
948	949	31
88	530	14
607	17	8
15	950	138
805	212	6
683	17	136
951	3	1
103	41	26
832	36	15
739	740	26
1	634	16
383	154	42
628	17	8
118	657	23
312	395	9
321	354	9
230	148	28
163	680	16
952	953	139
954	17	8
955	17	8
151	956	55
957	958	12
855	959	82
960	49	19
683	404	120
504	961	2
106	49	29
131	294	9
349	732	46
41	17	8
962	367	72
725	963	12
531	134	39
964	49	19
225	298	10
965	301	37
588	966	18
331	967	18
654	968	68
969	134	39
182	181	37
970	5	2
90	971	41
972	92	28
973	3	1
600	148	7
14	92	7
276	6	7
974	451	37
10	36	15
312	12	37
226	49	19
975	310	111
846	685	7
594	17	8
383	167	42
191	81	87
976	36	15
758	485	9
96	45	16
370	49	19
369	461	87
758	67	16
827	17	8
977	148	40
978	81	81
476	36	15
595	979	0
821	5	2
925	827	16
145	523	16
980	49	19
792	243	105
628	242	16
821	162	37
235	378	9
981	982	5
486	17	8
686	983	1
984	359	31
985	439	31
986	17	8
650	179	48
348	105	97
987	80	7
988	335	82
680	989	54
84	15	7
603	134	39
470	17	8
531	298	7
3	602	14
802	446	37
12	732	6
740	17	8
441	17	8
39	816	52
990	148	140
991	36	15
176	992	6
8	764	4
248	49	138
391	340	26
176	370	6
245	616	0
369	993	101
203	361	18
107	188	34
994	995	141
996	36	15
997	284	64
186	49	19
998	734	94
438	369	81
999	737	1
1000	36	15
1001	24	142
438	1002	54
137	162	37
856	1003	106
981	36	15
1004	1005	12
90	1006	41
428	297	9
1007	17	8
837	1008	108
1009	36	15
27	1010	12
1011	451	37
435	49	19
274	47	7
675	676	16
49	881	53
487	224	54
1012	57	81
557	1013	16
1014	134	39
1015	36	15
844	257	26
324	212	46
90	896	41
693	189	43
3	458	14
614	1016	45
257	17	8
119	242	143
1017	939	56
901	92	25
598	1018	78
90	1019	41
959	36	15
1020	49	19
651	931	113
1021	56	20
1022	17	8
1023	3	1
537	17	8
69	70	90
180	164	16
617	39	90
1024	454	2
173	13	6
815	17	8
566	1025	10
1026	1027	31
725	1028	12
1029	92	7
1030	36	15
1031	17	8
1032	5	2
143	310	103
458	49	19
155	22	7
121	1033	12
148	1034	41
683	1035	120
260	406	1
616	1036	37
176	175	6
1037	173	37
1038	36	15
563	17	8
321	320	16
411	802	12
307	377	16
1039	318	2
887	284	64
87	49	32
121	364	12
421	22	7
34	49	19
349	1040	16
614	17	8
802	411	37
173	370	6
933	642	98
932	17	8
494	265	16
729	42	37
606	36	15
857	24	11
165	884	9
1041	5	2
240	886	4
969	92	7
1042	999	9
1043	685	85
854	134	39
181	899	6
365	17	8
88	987	14
550	546	21
1044	49	32
118	1045	23
1046	148	40
933	267	59
1047	148	28
164	968	9
612	1048	144
124	158	2
202	319	52
1049	3	1
424	1050	128
1051	148	28
1052	1053	31
957	1054	12
836	15	7
363	159	46
772	36	15
572	340	73
1055	594	34
635	367	72
279	36	15
571	570	145
186	22	7
461	58	21
1056	36	15
663	22	7
196	49	19
827	36	15
278	1057	16
135	17	8
602	731	124
190	36	15
173	823	6
1058	1059	31
173	747	6
235	379	16
975	310	140
364	159	46
1060	176	37
130	166	16
1061	17	8
90	1062	41
103	102	16
490	36	15
634	635	9
349	17	8
1063	36	15
132	732	9
290	1064	54
70	423	26
1065	72	92
290	5	2
515	321	16
539	441	92
1066	42	37
1067	582	16
617	104	97
240	751	76
131	759	16
70	741	16
1022	91	9
1068	3	1
856	88	1
43	490	18
36	1069	66
390	49	29
1040	49	29
436	178	7
621	414	75
264	36	15
1070	89	122
133	49	19
485	49	19
770	36	15
191	1071	101
232	134	39
60	1072	22
711	1073	122
1013	49	58
340	1074	37
1075	167	45
148	990	41
1076	49	19
423	70	26
724	635	9
246	796	54
744	374	108
189	858	16
1077	1078	146
256	367	72
389	39	16
65	3	1
112	22	7
36	1079	66
219	1080	22
42	610	6
1081	134	39
1082	3	1
114	17	8
966	36	15
436	6	7
1083	1084	102
1085	415	130
690	162	37
11	317	46
173	1086	6
608	5	2
232	3	1
844	5	2
176	747	6
1087	17	8
901	36	15
8	1085	4
600	3	1
90	1088	41
69	201	90
93	36	15
565	847	59
472	176	37
233	383	54
132	765	9
266	3	1
3	706	14
1089	737	1
42	171	6
974	17	8
281	305	133
25	26	114
1090	17	8
539	116	92
69	166	90
261	5	2
135	130	16
580	409	102
717	49	19
1091	49	58
1033	364	26
3	376	14
851	396	7
1092	36	15
8	1093	4
58	903	21
779	36	15
955	36	15
1094	12	37
1086	3	1
1095	184	46
1096	383	54
1097	396	7
968	654	49
967	328	37
421	47	7
877	64	1
475	958	12
1098	17	8
29	893	4
354	1099	1
36	1100	66
440	49	19
1101	17	8
313	312	16
182	572	81
692	1102	112
38	1004	47
3	1103	14
378	3	1
29	868	4
113	5	2
1044	444	43
293	147	54
553	381	16
29	699	4
164	198	9
1104	880	132
441	678	45
533	49	29
1105	1093	70
309	80	10
892	402	1
162	514	12
273	49	19
90	1106	41
307	173	37
1107	725	37
3	395	14
1108	3	1
274	15	7
1063	17	8
553	381	26
718	866	26
946	17	8
159	3	24
234	1067	18
1109	911	41
1110	49	32
333	134	39
1111	422	31
81	572	21
1112	1113	54
515	321	26
391	83	38
1114	149	84
693	932	43
1086	49	19
681	36	15
700	310	147
491	449	54
1115	472	123
1116	64	1
1117	415	130
1118	1018	26
240	351	4
133	15	7
523	235	16
722	22	10
339	338	37
666	1119	117
497	49	19
3	1120	14
83	410	26
860	134	39
100	207	0
170	36	15
769	167	45
456	134	39
498	741	16
1121	224	128
139	899	6
285	606	34
1122	790	41
163	162	37
661	728	16
1123	11	106
418	75	12
142	951	6
667	22	10
418	507	12
155	15	7
1124	118	36
395	936	124
8	151	4
1125	148	28
663	92	103
1126	49	19
294	49	19
1127	17	8
1128	3	24
240	1129	4
349	1040	26
708	17	8
453	17	8
34	64	1
1130	36	15
775	1131	127
941	165	16
995	36	15
1132	489	49
130	265	16
131	119	67
1133	942	54
965	49	29
540	191	87
18	49	112
1134	36	15
1135	1136	16
566	1137	10
294	971	148
276	47	7
89	1138	115
3	399	14
162	521	12
851	15	7
1139	291	55
43	159	71
1140	5	2
747	591	7
265	135	16
932	833	46
78	155	9
702	704	16
191	1141	101
902	5	2
67	133	9
1142	1143	149
568	540	87
1144	17	8
747	1145	124
1123	10	56
539	1071	92
773	17	8
1060	36	15
503	454	2
1146	57	81
610	93	43
730	148	7
1098	1147	128
661	17	8
389	302	16
1148	92	150
530	440	74
377	1149	37
1150	36	15
653	5	2
456	1151	72
828	355	100
92	780	14
802	894	143
1152	49	29
8	1153	4
1154	92	151
1030	942	128
485	367	72
453	167	45
113	506	91
432	352	0
361	362	9
680	162	37
8	713	62
242	318	2
1095	36	15
898	17	8
25	88	1
683	684	120
287	39	12
1155	49	29
312	515	16
967	5	2
471	610	91
1156	80	7
599	3	1
91	298	7
762	167	45
1157	92	103
421	1158	129
86	546	95
1159	625	54
578	136	37
676	799	16
541	86	21
303	237	16
610	49	19
1160	17	8
710	772	12
109	1161	35
1027	454	2
660	1162	54
173	138	6
620	961	2
346	158	2
36	90	66
303	1163	16
1164	1165	31
1166	992	9
34	768	49
310	1167	41
600	49	19
591	480	84
1103	3	1
290	1139	45
518	49	29
1168	1169	107
1170	149	54
14	47	7
522	167	45
292	703	114
26	5	2
1171	5	2
461	81	21
943	222	18
729	12	37
1171	17	8
92	408	14
1066	65	9
474	369	21
1172	797	16
1170	25	68
8	897	4
1173	49	65
883	774	22
1033	36	15
327	13	46
221	702	16
8	1117	4
972	17	8
626	162	37
1174	17	8
184	148	103
968	927	1
615	136	37
265	49	58
1159	1001	37
1175	17	8
357	347	34
1176	496	83
817	173	37
1177	1178	41
467	17	8
1179	576	9
43	554	18
1180	5	2
119	131	152
338	867	17
791	243	105
802	445	16
802	36	15
798	367	72
616	36	15
1047	17	8
730	310	103
36	757	66
910	1181	34
992	1182	1
763	685	7
117	868	98
1183	1184	116
676	675	26
970	17	8
1083	17	8
644	1185	128
168	97	100
288	348	128
804	49	19
370	244	49
139	226	6
635	634	49
1	17	8
294	64	1
1186	49	19
1032	208	128
1187	134	39
1188	284	64
642	895	112
239	142	37
713	383	54
1189	332	46
1037	341	68
1190	36	15
316	484	26
252	165	16
583	1191	46
368	492	9
36	1192	66
740	36	15
1193	36	15
451	1194	12
1170	173	37
8	180	62
92	571	41
490	1195	46
620	49	58
1196	383	54
968	49	19
1197	36	15
269	141	16
1198	17	8
759	493	16
746	751	112
606	17	8
461	57	21
1195	134	39
172	17	8
55	479	20
1019	1122	109
1083	27	37
524	80	7
1199	49	19
550	369	87
1200	92	150
694	90	121
68	1031	16
1092	92	28
1201	415	79
173	599	6
488	49	32
36	1178	66
297	1202	106
141	17	8
131	1203	16
225	92	10
624	92	7
1043	49	19
313	1040	26
364	160	16
1204	1005	34
896	90	30
781	17	8
712	3	1
162	23	17
395	22	7
931	1205	81
237	303	16
131	251	16
902	36	15
159	1033	43
387	15	7
489	173	37
1206	167	45
972	167	45
1207	49	19
686	3	1
1208	17	8
751	853	137
1209	49	32
331	1003	18
148	310	84
772	771	16
176	365	12
1035	136	37
392	667	131
730	3	1
271	35	0
894	758	38
1210	36	15
240	1211	76
1212	17	8
538	396	7
787	678	45
511	49	19
818	241	70
139	1	12
1213	415	79
324	17	8
805	419	12
258	49	19
1214	17	8
793	119	143
657	357	98
1215	17	8
759	131	16
1095	148	28
487	640	2
831	49	19
131	494	16
117	872	131
998	1033	16
622	505	9
1216	284	64
634	1217	9
246	659	16
769	17	8
634	1020	46
1074	340	12
511	134	39
747	178	7
1133	36	15
381	380	26
1217	1151	72
1218	694	49
1219	17	8
2	92	103
29	483	4
29	1062	4
419	805	37
722	310	10
321	36	15
676	5	2
39	287	37
424	879	108
92	161	61
705	1157	60
998	831	46
1220	1221	34
1217	6	7
251	71	26
871	1222	35
595	49	19
309	685	10
276	148	7
1223	5	2
91	486	153
290	725	37
1224	56	107
421	927	1
710	966	12
231	17	8
489	245	91
421	6	7
423	71	26
339	22	28
301	814	12
81	568	21
407	406	1
236	1071	31
342	36	15
1225	36	15
1155	36	15
1097	49	19
538	80	7
377	138	46
0	3	1
1226	415	79
1195	410	0
450	57	81
651	431	113
951	80	7
614	411	37
383	1016	42
835	33	1
333	49	19
171	279	43
88	763	14
392	415	79
377	385	68
1092	167	45
1227	36	15
519	22	7
45	96	16
1228	36	15
1229	49	19
912	148	28
932	180	16
8	1230	4
136	1155	12
1221	17	8
70	277	46
72	278	26
848	552	84
662	310	40
1231	24	11
716	49	29
479	17	8
597	1232	115
1118	1233	37
148	910	41
421	406	1
657	1234	59
1013	36	15
68	167	45
870	49	19
176	603	6
1235	284	64
352	42	37
1148	92	140
1017	3	1
210	287	37
1143	5	2
950	15	53
507	17	8
109	1105	59
3	1236	14
932	693	46
164	180	16
310	662	41
1237	134	39
1176	1064	154
191	1205	87
342	1103	126
176	991	12
1121	17	8
461	866	73
538	47	7
307	36	15
827	925	16
1005	148	28
171	3	24
712	710	47
187	17	8
78	17	8
36	92	66
581	22	7
833	49	19
8	1238	4
240	699	4
215	90	121
141	405	46
252	49	29
176	899	6
8	895	76
401	49	19
461	369	21
221	863	9
255	148	140
1154	15	151
604	691	16
1217	396	7
376	743	47
36	1239	66
482	1240	26
188	1074	37
49	1241	88
57	1205	21
963	17	8
1242	298	7
1036	1243	6
566	22	10
8	1244	76
159	1033	0
939	17	8
743	1098	12
614	58	81
148	1245	41
503	17	8
378	22	7
680	163	16
1246	17	8
1247	134	39
453	36	15
790	1122	109
706	3	1
1196	5	2
1040	36	15
795	640	2
240	1093	4
1042	17	8
174	22	10
585	584	16
377	244	26
430	92	40
994	1112	141
1248	1249	31
1092	959	16
612	49	19
739	36	15
1250	36	15
882	3	1
1251	179	48
140	3	1
1096	36	15
345	817	26
1218	137	123
552	848	84
1252	148	7
159	364	0
743	377	12
1253	134	39
137	17	8
312	1040	16
175	88	1
642	532	34
600	92	103
1254	1232	115
121	66	6
8	214	4
1096	167	45
177	1102	112
1255	1104	30
1256	17	8
662	310	111
1030	148	28
276	15	7
1033	610	46
1170	25	46
835	134	39
1225	17	8
596	440	68
173	817	12
451	867	17
1257	36	15
383	241	41
1132	134	39
524	298	7
121	1258	12
379	17	8
572	81	21
28	49	29
990	148	111
1259	284	64
29	1260	76
805	43	17
29	357	4
730	142	47
1245	148	111
863	134	39
1261	17	8
705	275	16
202	319	94
8	814	62
435	3	1
704	167	45
706	288	56
1262	1263	3
568	58	21
978	57	81
642	290	34
738	3	1
1190	191	50
581	47	7
299	278	26
483	895	112
1001	331	17
515	882	9
441	36	15
29	351	4
1018	5	2
1264	5	2
779	981	16
1265	895	112
475	1028	12
362	361	0
212	64	24
1036	943	17
1115	402	1
165	227	16
1266	1267	155
549	12	37
499	525	82
490	1195	68
1268	149	77
1269	49	65
672	17	8
1157	298	7
390	287	37
8	1270	4
162	536	17
385	710	47
1157	80	7
49	1137	53
45	827	16
798	134	39
239	5	2
919	36	15
460	459	106
734	167	45
343	22	85
1252	80	7
683	453	120
474	572	21
771	36	15
1271	176	37
572	57	21
741	165	16
572	474	21
163	17	8
377	616	16
161	668	156
1272	98	92
389	1273	16
786	5	2
1274	90	30
188	17	8
856	3	1
3	511	14
1275	431	92
70	71	16
242	206	16
712	49	19
566	848	10
1276	36	15
317	134	39
549	212	46
286	49	58
1277	49	19
1214	36	15
81	191	87
266	49	19
1278	17	8
611	36	15
64	892	14
321	515	26
694	17	8
495	1279	83
173	345	12
526	36	15
340	36	15
1280	17	8
468	49	65
600	22	7
162	1281	17
165	164	16
8	1282	4
171	3	1
697	305	133
603	49	19
8	1283	4
138	3	1
687	17	8
433	85	16
630	284	64
1284	22	7
489	49	29
566	161	157
19	49	29
1175	81	81
62	933	23
368	640	2
659	246	16
524	49	19
923	167	45
314	229	67
1124	872	131
758	894	38
1285	1286	41
410	648	37
1284	47	7
511	88	1
48	417	78
458	3	1
506	114	0
545	233	102
12	600	6
1287	179	48
1063	121	37
373	1288	75
1022	5	2
240	746	4
368	36	15
908	1289	122
716	49	58
410	877	9
166	493	16
821	348	54
438	17	8
410	287	37
333	1003	106
408	6	7
1290	17	8
666	340	117
139	772	12
458	367	72
417	17	8
1108	134	39
349	36	15
582	1067	26
3	84	14
334	844	34
1291	224	55
36	1292	66
90	1016	42
258	257	49
63	62	80
736	444	149
423	167	45
3	1293	14
411	649	12
951	92	7
901	851	9
276	92	7
288	421	68
349	312	26
635	49	19
87	49	19
631	630	41
71	900	9
31	32	108
1294	148	28
724	629	9
1014	49	19
307	138	46
271	1295	24
1285	1296	41
161	668	158
308	358	16
817	1028	16
476	5	2
90	865	41
1297	250	91
408	15	7
741	498	16
1298	17	8
882	134	39
712	406	1
91	148	7
1174	1299	108
965	36	15
3	497	14
1005	5	2
1300	368	92
271	428	43
1005	17	8
39	49	29
256	49	19
874	875	13
604	36	15
929	930	20
970	121	37
1301	49	19
297	6	7
312	1040	26
1302	665	25
369	546	87
1303	17	8
183	5	2
83	90	54
305	383	54
107	303	34
100	1033	0
117	1222	35
114	506	46
1304	683	136
500	749	82
133	22	7
722	178	10
609	134	39
327	119	16
666	1071	117
804	134	39
1305	36	15
36	1306	66
794	90	77
63	351	98
698	49	19
629	1307	39
382	794	127
242	173	37
14	80	7
1308	17	8
932	132	16
260	49	19
371	17	8
127	134	39
310	552	89
683	785	120
1168	1309	20
250	114	0
1028	36	15
388	36	15
676	167	45
8	1310	62
635	634	0
1082	49	19
369	474	87
226	134	39
49	148	53
1311	17	8
933	62	80
492	134	39
1312	1313	37
1314	384	120
307	358	16
437	972	82
275	90	30
939	49	29
1258	17	8
1108	1315	0
1	0	46
1068	49	19
36	224	66
719	490	56
48	3	1
132	166	16
90	633	41
230	231	16
1316	90	30
1074	302	12
1033	998	16
840	407	68
1317	1042	43
537	1318	26
742	36	15
844	0	9
55	1319	107
1160	39	159
1320	17	8
579	503	102
1035	17	8
892	3	1
1321	1322	115
77	36	15
12	234	17
659	90	30
410	802	16
1140	17	8
131	493	16
1323	159	71
3	1324	14
513	1325	18
939	1326	5
6	917	41
253	17	8
124	1327	2
266	1004	47
518	36	15
322	436	6
364	17	8
96	827	16
1154	298	151
268	49	19
605	80	7
473	1328	115
92	1002	41
1329	615	18
966	46	9
145	36	15
21	92	10
697	306	2
675	102	16
1297	36	15
169	36	15
586	3	1
364	121	37
90	1330	41
1331	49	135
391	390	38
122	134	39
805	432	6
794	69	77
219	774	22
525	749	94
229	5	2
572	81	87
73	322	47
696	17	8
855	549	82
1252	49	19
951	6	7
832	5	2
40	103	16
278	320	26
36	147	66
354	64	1
1258	121	37
820	250	6
424	1332	13
518	318	2
1217	47	7
943	245	71
779	17	8
584	17	8
437	398	82
1018	1118	16
1135	17	8
623	36	15
618	617	41
674	296	118
605	134	39
802	275	16
58	461	95
967	36	15
277	134	39
865	90	110
8	1211	76
1118	797	26
3	1023	14
1203	131	26
612	841	129
1015	17	8
1066	49	29
1015	5	2
246	245	91
1333	487	92
447	92	28
240	1334	4
1015	573	26
1335	318	2
522	17	8
405	49	32
628	938	9
29	886	4
1336	148	28
946	36	15
439	640	2
649	640	2
1153	49	65
1253	49	19
539	1337	92
39	167	45
1078	1077	99
241	1096	34
321	320	26
1338	36	15
57	369	21
1339	17	8
904	17	8
70	899	9
740	92	28
1193	49	29
395	49	19
1121	224	54
487	224	128
499	1121	82
347	17	8
275	705	16
404	17	8
1340	1071	31
846	80	7
1154	178	151
966	413	9
35	5	2
129	36	15
274	92	7
602	639	39
1033	42	37
8	842	4
864	368	0
495	443	83
378	639	39
189	693	46
385	377	0
1341	92	111
1040	313	16
795	405	160
156	17	8
969	396	7
809	1061	159
363	160	16
803	17	8
832	146	68
3	232	14
278	72	16
932	805	37
1065	1337	92
421	92	7
180	165	26
785	5	2
550	57	21
596	595	68
313	312	26
352	432	46
1342	1081	9
139	1068	6
1343	68	94
645	61	22
395	47	7
29	1344	4
1203	17	8
3	1157	14
387	80	7
1345	49	65
265	538	9
275	133	60
1174	36	15
826	167	45
70	112	9
300	36	15
308	358	26
1346	17	8
71	167	45
10	11	161
288	17	8
26	17	8
1062	90	30
139	599	6
799	102	16
49	248	53
251	49	29
545	5	2
628	524	46
383	1347	41
1348	17	8
1349	17	8
1125	17	8
74	36	15
159	160	0
1324	3	1
811	5	2
1350	3	1
113	506	46
92	1351	41
1335	429	9
1133	17	8
1137	49	138
76	80	7
1302	49	29
191	540	87
342	1352	9
1353	49	19
139	385	6
507	805	37
545	369	81
162	742	12
1160	83	94
1191	3	24
3	171	14
1205	191	87
663	92	7
817	345	26
1354	284	64
551	179	48
177	449	30
418	615	12
1355	148	111
437	92	147
243	792	105
3	1115	14
616	17	8
301	578	12
780	92	103
1262	131	90
1202	297	46
539	1261	92
324	212	162
928	369	21
488	3	24
816	1356	54
798	49	19
1335	421	9
153	1016	42
161	566	158
951	49	19
381	553	16
814	17	8
1118	17	8
1159	36	15
767	3	1
320	312	26
82	57	21
1335	454	2
958	725	37
566	685	10
364	413	9
1357	995	34
408	92	7
593	270	34
3	899	14
85	433	16
3	196	14
340	391	26
781	36	15
1358	1359	163
1266	17	8
202	636	94
1360	94	16
406	497	14
160	363	16
928	57	21
218	47	10
132	1049	9
1217	80	7
1160	36	15
1063	301	37
8	810	4
1361	233	120
280	49	19
713	36	15
124	703	102
423	493	16
178	1362	93
212	3	24
1363	1364	163
1243	3	24
617	105	97
747	49	19
1179	167	45
251	71	16
136	932	12
8	643	76
1365	393	59
29	842	4
566	6	10
107	1063	34
132	1049	46
364	1033	26
1035	139	37
980	3	1
1125	36	15
1039	36	15
105	104	33
787	184	46
602	134	39
899	367	72
305	17	8
225	148	10
36	834	66
80	161	44
3	1187	14
66	927	24
1301	3	1
1366	24	11
390	649	26
1092	959	26
202	36	15
132	17	8
683	1367	120
398	167	45
1073	1368	115
29	959	62
787	17	8
624	49	19
773	1016	45
1369	179	48
3	589	14
996	1370	161
173	589	6
308	5	2
600	6	7
423	135	16
288	36	15
645	830	22
1063	675	16
139	370	6
546	369	87
919	173	37
949	17	8
1097	80	7
1057	167	45
1070	1371	122
252	741	16
231	230	16
191	574	101
29	1372	4
1373	17	8
165	941	16
3	738	14
330	684	34
714	134	39
246	17	8
191	445	101
235	436	46
680	989	128
576	49	19
697	17	8
223	1364	55
369	866	73
508	639	2
1374	377	38
1198	5	2
29	334	4
407	64	1
1242	47	7
1353	737	1
1373	5	2
1191	583	43
1375	725	37
699	1376	55
1355	148	40
278	36	15
187	550	81
6	49	138
662	880	132
493	166	16
1218	1150	78
566	178	10
31	17	8
46	3	1
1098	153	54
1377	431	31
793	1075	94
1378	415	130
131	135	16
1379	800	9
20	367	72
502	713	38
181	747	6
981	17	8
1241	36	15
428	17	8
1380	5	2
836	396	7
1305	17	8
271	88	24
1353	3	1
176	787	12
109	1222	35
904	49	58
1198	167	45
8	1381	4
1376	284	64
858	189	16
705	399	60
1014	3	1
703	36	15
835	3	1
1290	36	15
978	369	81
799	676	16
675	1063	16
377	616	26
775	149	77
119	131	67
1382	49	19
307	17	8
599	173	47
71	17	8
843	155	6
112	49	19
1044	996	43
3	864	14
1383	36	15
538	22	7
969	6	7
1320	639	2
139	505	6
369	191	87
1384	17	8
1382	779	49
816	1356	128
566	92	10
447	678	45
1385	284	64
629	134	39
1386	17	8
266	173	47
336	134	39
941	166	16
1387	1325	49
44	176	37
1017	1326	106
1157	47	7
59	136	37
447	448	108
996	17	8
758	1386	16
962	49	19
524	92	7
1388	1196	102
883	1072	22
251	423	26
731	602	46
351	49	112
593	895	112
878	36	15
73	92	7
3	341	14
90	311	41
11	10	26
1298	348	128
81	86	21
1220	49	112
1148	92	111
1389	5	2
539	761	92
821	17	8
369	545	73
1350	49	19
1237	49	19
1108	242	49
395	15	7
406	581	14
1390	5	2
364	160	26
160	364	16
440	596	0
160	12	37
758	605	9
102	691	26
76	15	7
166	765	9
531	15	7
416	3	1
531	1391	106
1365	818	59
1237	1037	49
623	5	2
1392	42	37
1253	3	1
1101	121	37
1126	134	39
1115	3	1
92	1148	41
1204	1181	34
379	5	2
679	148	28
59	38	9
510	5	2
742	176	37
219	61	22
94	1360	16
222	5	2
1097	6	7
1131	149	77
1156	92	7
196	402	1
1179	836	9
1393	667	131
763	49	19
947	17	8
10	17	8
41	103	16
969	80	7
81	461	95
465	656	115
395	3	1
216	36	15
717	1094	43
176	397	12
995	17	8
805	171	6
595	596	49
271	1394	24
334	895	112
1395	341	9
96	925	16
1073	153	30
278	719	46
205	24	11
1312	17	8
881	148	84
417	173	37
1157	15	7
661	36	15
607	136	37
1094	49	29
10	317	46
903	58	87
88	823	14
660	17	8
71	70	26
139	598	6
370	626	123
240	1396	4
686	92	103
8	583	62
1109	688	41
340	389	16
122	1037	49
1169	92	104
221	1277	9
866	718	16
1218	49	19
494	423	16
348	880	132
600	15	7
1101	378	9
1223	17	8
1397	17	8
714	49	19
29	151	4
1343	12	37
40	41	26
364	363	16
578	17	8
301	1398	12
966	139	37
55	1399	126
546	993	101
1187	49	19
36	688	66
1293	49	19
369	474	21
203	626	18
207	17	8
37	242	16
1400	367	72
13	327	0
792	92	103
178	167	42
1083	1401	119
740	739	26
222	594	16
722	80	10
863	3	1
187	270	16
758	36	15
1029	22	7
159	49	32
182	640	2
139	435	6
293	17	8
8	1255	4
919	5	2
987	49	19
1179	49	58
148	1016	42
159	363	0
230	1046	128
340	411	37
792	49	19
1169	1104	41
1402	49	135
606	682	119
1403	49	32
1276	1155	16
254	1404	18
466	148	54
1352	49	19
0	49	19
408	49	19
976	17	8
85	433	26
713	257	102
317	1048	144
521	17	8
734	5	2
814	167	45
826	49	29
1405	49	19
951	148	7
494	135	16
180	833	9
229	121	37
142	452	6
320	312	16
298	930	104
444	1406	9
654	1253	9
747	3	1
69	1407	41
846	92	7
1284	6	7
1408	36	15
634	5	2
663	80	7
740	739	16
212	549	0
1388	36	15
517	598	68
546	550	21
21	650	10
1409	341	46
29	1265	4
423	131	16
3	960	14
131	294	46
423	494	16
767	49	19
1410	581	60
1411	1232	115
936	17	8
645	1072	22
1412	49	65
276	22	7
175	514	49
726	17	8
1413	1400	9
1400	49	19
823	49	19
494	226	9
1414	367	72
229	36	15
912	36	15
981	779	16
634	17	8
8	241	4
361	173	37
1022	307	16
849	36	15
248	650	84
1404	17	8
173	738	6
377	307	16
79	17	8
940	6	7
254	600	71
1194	454	2
1163	303	26
391	83	94
753	49	29
713	167	45
133	92	7
629	49	19
164	252	26
36	1415	66
349	312	16
911	90	110
1142	737	1
58	82	21
734	17	8
447	17	8
531	402	1
596	979	26
57	81	21
320	17	8
1127	640	2
1014	33	1
980	134	39
587	134	39
1157	3	1
1215	36	15
705	992	60
489	1132	68
605	6	7
730	367	72
1337	17	8
789	17	8
449	148	140
21	848	10
1167	310	140
755	1139	45
1416	1417	12
575	559	43
787	148	28
1312	36	15
526	372	9
676	17	8
1418	284	64
327	922	16
274	224	7
98	36	15
466	5	2
1419	36	15
797	5	2
515	320	16
858	5	2
663	15	7
731	17	8
1420	24	11
634	918	9
1421	1422	84
1423	148	28
58	81	95
709	17	8
369	739	73
515	17	8
501	158	2
37	17	8
573	49	29
538	3	1
1061	809	159
148	619	41
411	340	12
381	380	16
1202	90	30
446	39	12
43	821	18
775	383	77
1424	1425	84
1426	36	15
784	1060	0
724	1427	54
1428	49	65
2	88	1
1333	210	92
407	49	19
1264	383	54
90	1192	41
347	454	2
46	134	39
12	327	12
573	1015	26
202	167	45
191	453	101
940	134	39
1320	530	164
141	269	16
1063	676	16
451	188	12
76	1048	144
36	971	66
276	1060	123
174	310	10
1075	793	94
1053	17	8
1429	36	15
117	1161	35
202	319	38
196	134	39
598	49	19
1281	24	11
83	391	38
730	80	7
704	5	2
1430	49	32
39	648	37
1164	1059	31
29	643	76
1004	73	6
498	165	16
358	307	16
426	49	65
505	64	1
234	160	18
91	134	39
738	718	123
1229	215	0
638	148	140
304	49	19
851	92	7
398	1084	102
878	879	13
634	1020	9
660	58	165
10	394	46
1431	425	13
232	1149	47
1097	15	7
662	310	140
486	664	9
797	1083	102
1432	342	16
389	94	16
39	389	26
76	22	7
791	49	19
413	49	19
3	460	14
776	149	77
776	775	127
1107	17	8
768	17	8
181	787	12
36	1433	66
1434	1435	2
278	320	16
242	139	37
239	36	15
741	352	16
1436	17	8
1417	17	8
240	357	4
614	341	9
433	85	26
26	25	46
680	1437	54
1118	797	16
963	725	37
960	752	153
1024	17	8
84	49	19
992	49	19
441	155	9
718	738	46
49	751	137
149	1114	84
376	375	47
581	80	7
1438	284	64
75	17	8
596	17	8
597	1439	166
657	118	36
1045	118	36
410	206	16
8	1386	62
296	17	8
1298	5	2
41	40	16
1342	49	29
620	524	9
677	17	8
1021	92	107
792	1391	106
176	822	6
261	17	8
998	1400	46
494	130	16
466	36	15
1273	340	16
826	292	9
379	235	26
344	139	37
747	6	7
320	515	26
673	425	108
816	39	52
1033	121	37
148	1204	41
535	92	103
232	558	167
335	1016	45
139	1277	6
240	606	62
899	70	0
69	368	90
1440	149	77
925	45	16
432	42	47
133	396	7
882	64	1
370	3	1
14	22	7
176	333	6
178	930	104
757	105	97
1234	658	70
88	1049	14
173	960	6
304	134	39
1010	36	15
477	1441	161
89	49	65
343	49	19
541	540	21
362	3	1
303	429	9
1010	678	45
779	747	68
369	978	73
377	138	68
494	759	16
1145	17	8
274	80	7
91	178	7
600	92	7
29	1102	76
270	1074	37
29	751	76
191	928	87
3	717	14
293	147	128
1420	68	18
1037	784	68
62	565	23
12	588	17
1340	1071	117
408	3	1
919	17	8
240	1260	76
327	49	29
1325	173	37
751	17	8
564	49	112
840	17	8
734	166	94
851	6	7
155	80	7
1123	49	19
1442	3	1
859	774	22
4	17	8
1268	383	77
1144	36	15
833	3	1
523	17	8
109	872	131
253	301	37
519	3	1
1150	17	8
423	70	16
436	80	103
1416	715	12
265	131	16
29	1443	4
275	1029	60
972	1444	5
148	757	41
372	49	19
189	858	26
276	396	7
486	5	2
1276	5	2
340	649	16
1445	1446	41
1447	36	15
394	10	168
162	1420	17
869	158	2
730	92	7
1256	148	28
1168	1169	20
948	17	8
581	49	19
162	203	17
213	1306	41
793	17	8
756	36	15
1013	557	16
322	780	6
578	36	15
1247	659	106
335	401	9
1104	1255	41
399	3	1
654	17	8
243	3	1
388	338	37
719	49	19
1448	176	37
676	675	16
82	58	21
1195	490	0
235	294	9
787	162	37
216	369	81
687	173	37
1009	310	28
1449	17	8
442	496	83
434	167	45
406	274	14
361	362	46
500	661	82
1374	36	15
797	17	8
464	92	150
1399	3	1
15	92	104
56	15	104
380	1126	9
3	2	14
844	1435	2
313	1068	9
1198	49	29
1429	1390	16
185	17	8
824	5	2
472	36	15
3	266	14
333	3	1
1411	617	55
15	56	104
2	49	19
626	370	46
252	226	9
1344	895	112
851	148	7
1118	36	15
48	417	0
199	1450	41
8	228	4
171	49	32
317	10	168
1242	15	7
165	498	26
1451	115	100
1452	1453	34
3	693	14
1454	298	7
173	244	12
771	136	37
505	142	47
1234	868	70
364	976	26
404	1455	54
453	191	50
988	265	82
3	407	14
131	333	9
173	2	6
46	54	19
609	367	72
1164	781	31
164	180	26
1456	17	8
3	609	14
535	49	19
1196	36	15
676	102	16
173	435	6
686	15	103
1044	64	24
215	695	121
758	605	46
1442	47	7
16	167	45
383	1457	41
1068	927	1
265	494	16
1035	36	15
786	36	15
278	17	8
86	541	21
674	36	15
1004	1049	6
351	290	34
998	1400	9
1266	412	155
1374	556	9
12	266	6
66	49	32
8	1265	4
874	36	15
1132	49	19
452	142	47
802	49	29
128	167	45
249	17	8
941	132	16
90	1109	41
922	327	16
1084	92	28
206	17	8
73	92	103
871	1161	35
1063	799	16
644	148	28
380	49	29
40	17	8
308	36	15
206	318	2
29	177	4
1386	758	16
1458	1244	112
1029	613	1
1346	310	28
1459	1232	115
1460	162	37
1186	257	49
724	17	8
839	17	8
500	68	82
83	1160	94
1258	36	15
71	423	16
1218	459	106
1128	49	32
377	173	37
827	45	16
84	92	7
1018	17	8
780	49	19
29	853	76
136	507	12
701	36	15
1454	15	7
645	1461	22
12	1236	6
3	892	14
173	1218	6
664	486	56
1414	49	19
1462	705	161
903	57	21
16	1454	9
369	58	21
1012	90	54
1463	307	34
684	17	8
369	57	21
1142	402	1
235	379	26
1107	475	37
438	57	81
418	234	17
397	176	37
1225	5	2
1423	49	29
162	513	17
683	1464	120
580	36	15
566	552	10
155	178	7
312	320	26
394	685	7
799	1063	16
572	302	73
410	5	2
1103	134	39
1465	191	50
36	1466	66
1432	36	15
368	454	2
581	80	103
347	158	2
57	461	21
212	42	47
244	243	46
979	17	8
663	298	7
3	436	14
81	58	21
148	881	84
55	48	126
477	1441	5
36	617	66
1170	332	46
588	1467	18
235	17	8
1240	482	26
162	24	142
1468	22	28
857	123	71
1469	383	30
340	1360	16
1042	224	128
186	15	7
1107	167	45
310	143	14
585	584	26
1449	36	15
143	49	19
1236	134	39
930	224	169
724	1427	128
1305	148	28
90	688	41
316	484	16
994	1338	141
1470	17	8
897	543	30
36	942	66
29	593	4
1342	1258	26
121	1101	12
600	80	7
826	36	15
275	256	60
3	274	14
1179	36	15
1448	92	28
441	5	2
967	173	37
8	692	4
597	6	170
139	123	6
755	5	2
341	1037	49
1015	1016	45
1242	687	49
183	36	15
92	1341	41
1464	17	8
1471	224	171
1442	80	7
1098	5	2
163	188	16
489	17	8
531	49	19
1365	667	131
505	49	19
223	1232	115
1256	36	15
88	25	14
1326	90	30
39	1160	152
407	3	1
498	741	26
153	90	84
932	292	9
294	131	0
406	612	14
302	340	16
1146	36	15
174	1251	10
245	927	24
1066	463	9
797	1172	16
788	17	8
1194	49	29
324	5	2
1005	36	15
394	10	0
1472	615	120
345	817	16
1097	22	7
779	747	46
8	1473	4
783	782	23
515	312	26
240	1463	4
165	166	16
1040	313	26
69	1292	41
1325	36	15
1027	36	15
229	49	58
122	659	106
1280	695	121
973	49	19
1474	415	79
1118	1172	26
49	484	88
1149	960	6
1475	224	55
408	92	103
18	895	112
728	798	9
1192	865	84
162	1231	17
471	17	8
463	134	39
552	92	89
6	104	97
647	415	130
246	245	162
1476	17	8
776	383	77
878	17	8
423	265	16
1348	36	15
236	441	31
240	18	4
604	5	2
1352	173	47
1477	36	15
1344	415	130
1244	640	172
43	308	18
224	104	97
461	81	95
136	59	12
837	17	8
340	95	2
1478	148	28
76	92	103
408	148	7
269	625	54
302	802	16
1096	1479	2
71	423	26
1281	687	18
741	70	16
326	1023	9
502	559	38
321	312	16
1084	17	8
55	930	20
855	502	82
238	485	9
253	175	9
794	153	77
837	562	108
67	767	46
77	17	8
1480	17	8
1481	49	19
980	1145	124
1482	36	15
29	330	4
12	1481	6
114	250	46
97	169	31
853	751	137
511	705	106
636	678	45
275	49	65
90	801	41
431	17	8
173	65	6
771	980	9
932	833	9
1170	36	15
800	779	49
1483	5	2
1277	639	39
1417	90	54
756	49	29
4	36	15
219	1072	22
563	130	38
624	15	7
165	91	9
51	17	8
865	311	84
724	36	15
943	246	18
8	1337	62
36	1359	66
1484	1113	41
145	49	58
1339	5	2
1390	1429	16
807	451	37
39	446	37
427	709	16
236	445	31
1465	17	8
28	950	29
1150	49	29
265	304	9
275	992	60
52	134	39
1485	17	8
555	554	16
874	17	8
906	49	65
1486	946	31
142	429	6
45	1387	9
29	748	4
1195	490	49
369	690	73
343	275	106
72	278	16
1193	148	28
421	367	72
33	1014	14
1001	1150	12
3	556	14
173	687	12
1487	1488	100
850	36	15
421	80	7
174	178	10
275	705	166
1	1293	9
3	277	14
1091	17	8
383	1489	41
914	520	108
706	134	39
1442	6	7
3	243	14
967	17	8
237	17	8
1160	39	152
100	3	24
132	5	2
6	105	97
742	17	8
664	134	39
1032	208	54
1490	1218	46
195	856	9
84	134	39
438	36	15
92	73	14
3	1068	14
855	950	135
235	36	15
489	488	91
1454	134	39
8	1102	76
75	139	37
113	250	162
369	1491	101
39	389	16
406	421	14
705	511	60
8	1492	4
1493	330	41
1257	158	2
955	454	2
1494	640	2
10	5	2
799	675	16
1180	36	15
550	572	87
29	764	4
571	92	111
163	57	81
855	672	82
201	758	94
1236	402	1
234	165	18
1495	451	37
224	880	132
1434	90	54
92	1496	41
565	329	59
1033	160	26
1497	148	28
1442	489	49
142	1207	6
612	22	7
1359	1498	99
1499	1436	82
10	394	68
661	1155	16
473	469	86
1472	1134	120
713	17	8
140	49	19
269	17	8
1500	80	103
1023	49	19
738	139	47
1032	49	29
25	49	19
115	1501	100
376	3	1
3	492	14
900	134	39
114	113	26
36	1502	66
212	549	43
621	1503	75
392	241	98
403	92	103
14	178	7
1490	1218	164
148	49	138
1426	162	37
996	343	9
1397	1173	108
1258	291	54
276	310	7
92	1169	104
146	134	39
431	454	2
1207	3	1
1376	699	41
1217	49	19
390	649	38
77	728	16
257	844	26
257	36	15
840	65	68
785	139	37
675	250	162
1207	134	39
1054	957	37
466	49	29
310	730	14
164	252	16
8	593	4
605	92	7
410	1016	45
275	186	60
131	423	16
1341	92	150
1082	927	1
36	1262	66
391	318	2
466	17	8
1465	1504	54
1303	519	9
159	121	47
519	15	7
202	201	52
821	348	128
242	119	143
313	36	15
1262	105	97
940	92	7
693	49	32
1240	407	9
90	868	41
148	147	41
127	49	19
270	187	26
1149	138	6
1505	3	24
1423	17	8
70	251	26
776	1131	127
453	652	173
36	924	66
459	530	60
1112	1479	2
1160	39	94
128	754	2
1506	17	8
1507	17	8
402	232	14
316	128	38
128	316	38
29	1220	4
524	3	1
658	895	112
727	1143	149
899	3	1
1508	36	15
45	607	26
892	64	1
1172	797	26
207	36	15
920	1048	144
169	17	8
1465	454	2
565	62	80
239	1480	16
8	49	76
1065	347	92
1509	17	8
1498	1359	41
424	17	8
462	36	15
517	598	46
1477	17	8
1277	156	56
36	298	66
645	220	22
81	572	87
1047	678	45
315	271	71
1009	5	2
36	1510	66
341	134	39
190	69	25
1310	17	8
429	134	39
1001	1329	17
1121	870	9
119	793	143
160	364	26
683	869	120
297	22	7
312	313	16
69	636	90
771	100	46
68	36	15
732	134	39
530	88	1
1442	15	7
91	6	7
103	5	2
1511	251	43
1273	454	2
191	1165	101
1372	895	112
377	17	8
612	15	7
29	1085	4
704	36	15
19	186	9
397	617	54
650	248	84
802	287	37
683	342	120
1147	153	110
164	17	8
773	1267	155
1512	17	8
1063	167	45
1513	931	102
1019	90	110
588	553	18
588	381	18
615	17	8
620	36	15
262	90	30
748	751	112
1146	17	8
344	843	37
1514	24	11
493	131	16
132	941	16
1443	751	112
784	134	39
308	17	8
1383	5	2
609	49	19
67	139	37
709	427	16
88	1301	14
777	49	19
91	47	7
242	36	15
378	235	56
1005	173	37
1467	121	37
442	1279	83
598	1308	174
949	36	15
1166	167	45
1409	36	15
63	329	59
923	36	15
252	165	26
422	17	8
1336	36	15
1187	3	1
1432	342	26
1037	245	91
127	1099	1
232	402	1
480	591	84
1203	131	16
1297	250	162
759	265	16
1218	88	1
281	697	102
657	110	35
421	298	7
1112	17	8
131	130	16
717	716	43
174	15	10
133	6	7
1133	678	45
785	1293	9
544	543	30
1208	36	15
81	57	21
679	1185	128
552	551	84
260	64	1
182	176	37
281	17	8
163	188	26
193	192	9
8	1515	4
380	381	94
1516	310	40
545	17	8
1517	1363	31
759	494	16
951	22	7
240	1518	4
987	685	7
683	596	120
1454	178	7
592	36	15
822	49	19
377	1374	38
1217	22	7
211	5	2
578	695	121
1398	1399	9
139	615	12
322	73	6
1519	17	8
308	307	16
215	1229	46
290	17	8
1425	1424	84
176	266	6
222	820	37
1155	136	37
913	36	15
8	1520	4
1451	1488	100
282	90	57
88	732	14
836	92	7
241	895	112
732	12	47
611	92	28
6	880	132
8	647	4
186	80	7
201	485	9
10	11	16
234	252	18
683	75	120
1397	1173	13
1031	68	16
186	1099	1
361	1016	45
244	36	15
1017	49	19
335	401	46
1521	1436	20
484	316	26
467	167	45
1522	667	131
568	474	21
493	759	16
515	320	26
1217	148	7
153	1147	41
822	402	1
240	921	4
1349	36	15
1523	49	58
892	49	19
828	182	31
677	148	28
1524	1130	31
840	5	2
693	805	47
636	202	94
165	741	16
274	49	19
715	640	2
309	161	157
1377	487	31
995	682	119
940	22	7
747	80	7
1525	284	64
424	1332	108
1454	92	7
907	3	1
1149	456	6
1526	36	15
1221	36	15
836	1527	96
3	370	14
1468	17	8
1	790	128
90	542	93
1528	823	46
1250	49	29
109	1234	59
278	299	16
922	17	8
951	15	7
1529	397	31
380	803	38
162	1329	17
39	816	38
946	167	45
310	1530	41
1531	985	100
1532	36	15
1533	485	9
716	1534	54
667	170	175
447	1535	108
530	1536	148
36	1537	66
1285	1538	41
36	1539	66
8	1540	4
1541	1510	41
1542	1202	122
1543	49	32
1544	1545	57
1546	210	31
955	1547	173
240	1548	4
1549	1261	31
1550	1551	23
1552	1232	115
1553	959	34
1554	49	19
240	1555	4
1556	410	31
1557	1541	77
1558	887	84
1559	667	131
1560	284	64
1561	895	112
332	1189	176
1562	462	92
1563	284	64
1564	190	92
90	1565	41
666	1566	177
1567	36	15
36	1568	66
882	1569	1
29	1570	4
90	1571	41
1572	656	115
352	1573	128
419	1574	161
1575	310	103
1576	17	8
1577	1275	166
1144	1578	128
1579	49	32
1096	794	178
621	1580	75
1581	1011	31
1582	49	138
1583	1253	126
240	1584	76
1585	1550	179
1586	49	32
1224	1587	107
1588	781	92
1589	862	24
1590	1591	171
1592	1165	31
859	1593	22
