1068
10499	1742	1
10469	5902	1
7781	1799	5
11817	8709	1
8239	4770	5
9608	3715	1
8404	6163	1
7345	673	1
9394	9956	1
9651	2614	1
8698	10992	1
9912	2964	1
11209	11003	1
6748	4682	1
1402	8365	1
5114	10469	1
6566	1755	1
4266	2383	1
6603	11960	1
11803	9442	1
197	56	1
10323	3689	1
7453	4633	1
3281	71	1
7087	628	1
2155	3039	1
7928	3773	1
9648	4865	1
6482	8893	1
10596	1071	1
5131	844	1
2434	4006	1
3616	3479	1
9833	4989	1
1348	11019	1
2450	6116	1
4188	4575	1
11941	3015	1
9620	4104	1
6805	11811	1
7511	971	1
5832	649	1
3809	1071	1
7260	1164	1
5749	4865	1
3719	4369	1
9498	9248	1
3810	2802	1
10012	5365	1
1606	7948	1
5588	9790	1
1298	7275	1
2397	7064	1
4081	6096	1
11350	2834	1
4373	11808	1
7226	9709	1
4880	8756	1
6319	5181	1
9571	1028	1
10451	3022	1
2456	1228	1
11931	1071	1
7401	474	1
11273	8304	1
4625	2715	1
2755	4329	1
4864	3132	1
3003	8997	1
5635	3053	1
7202	3361	1
9013	6845	1
6848	4667	1
11370	7903	1
623	5561	1
8858	8291	1
7232	4738	1
10466	7769	1
6727	3541	1
188	1885	1
5392	9533	1
6195	1474	1
9208	544	5
10003	5124	1
3215	1915	1
5513	6016	1
2663	9709	1
9476	3139	1
10306	7817	1
431	4607	1
11977	10735	1
6009	10602	1
570	4069	1
7416	10522	1
6331	710	1
3800	3709	1
10514	865	1
6425	652	1
2488	3323	1
7978	5707	1
3409	7594	1
1137	6095	1
10852	40	1
1655	9239	1
7668	8651	1
11883	7654	1
4724	628	1
10095	261	1
6671	2244	1
10802	5313	1
11884	1862	1
10089	5394	1
2283	1113	1
7324	5312	1
2679	1287	1
4674	3281	1
299	4043	1
3675	165	1
4389	4902	1
216	2033	1
12014	1417	1
1841	4315	5
11133	291	1
7084	11293	1
11359	3189	1
8817	8635	1
2602	5154	1
3702	2197	1
6115	9	1
1916	1408	5
3071	4351	5
10220	1668	1
5925	1096	5
7990	10930	1
2715	2830	1
11751	1071	1
6254	3065	1
2849	3182	1
9727	1344	1
1511	7901	1
2290	83	1
10006	8901	1
10780	3355	1
6288	1881	1
230	2545	1
9893	10624	1
3432	8532	1
3392	4789	1
11052	2734	1
5530	6325	1
8567	1097	1
6192	720	1
8090	9512	1
783	3399	1
4496	258	1
1928	616	1
11409	5478	1
1077	1762	1
11171	11311	1
4234	1071	1
145	8059	1
9957	11981	1
7566	710	1
11104	6729	1
5282	26	1
1165	5957	1
7947	8938	1
7196	11550	1
6050	7084	1
2019	1630	1
3503	6134	1
9326	3065	1
11195	2186	1
11565	5062	1
11980	2802	1
5557	179	1
3978	3137	1
4779	2312	1
1762	954	1
8478	9058	1
1104	1935	1
9955	9396	1
2220	4211	1
1975	3181	1
8217	6199	1
7496	544	5
8746	3545	1
9599	1915	1
10498	9	1
3191	1211	1
5538	10198	1
10632	9714	1
10501	1097	1
11871	11121	1
3722	9951	1
7623	83	1
11981	11269	1
8245	11633	1
11665	4211	1
10638	6075	1
10825	10599	1
10369	3761	1
11749	1292	5
5997	476	1
1610	8576	5
11444	328	1
5278	4329	1
6223	2806	5
8318	8141	1
9864	2996	1
10475	10303	1
1687	6411	1
4693	11997	1
10401	6078	1
10221	1036	1
2608	4653	1
8777	1468	1
400	1698	1
1192	6378	1
8887	61	1
5678	1485	1
1091	2186	1
2511	7040	1
11590	10548	1
10066	544	5
4936	1029	1
4043	997	1
699	8734	1
10031	2929	1
10782	10391	1
6063	3132	1
7666	9125	1
545	6036	1
11284	7757	1
11624	9285	1
5064	111	1
6569	5910	1
11976	10718	1
6362	287	5
6436	2192	1
10610	4192	1
11644	2358	1
8178	11925	1
10431	12006	1
3543	7136	1
10635	5301	1
6172	8611	1
7373	3928	1
2125	8680	5
10911	11388	1
4786	618	1
8017	5973	1
4254	11210	1
5065	5076	1
7514	2965	1
11779	628	1
10091	5583	1
1484	111	1
9144	1734	1
3697	315	5
1128	8156	1
4305	4275	1
10890	490	1
11885	301	1
6234	7146	1
11045	1524	1
3956	11142	1
9673	11265	1
3119	307	5
1086	57	1
114	9713	1
7317	8445	1
8101	472	1
8939	444	1
11156	5759	1
1688	2755	1
2967	4798	1
11500	1049	1
4942	301	1
3247	1073	1
4353	3933	1
10853	2654	1
2721	5214	1
10566	7459	1
11137	3039	1
5506	4717	1
8055	83	1
2895	1077	1
8516	2546	1
2787	9239	1
11989	4419	1
9666	3672	1
9199	4076	1
11376	2685	1
5606	33	1
11576	6285	1
8833	5509	1
1255	5168	1
7824	9502	1
4193	5677	1
6599	27	1
7831	37	1
8923	6273	1
9737	3578	1
3357	397	1
6485	6536	1
8591	1229	1
20	4705	1
4232	2350	1
1342	9536	1
1877	9366	1
9724	7730	1
12031	536	1
8331	9092	1
6024	710	1
8112	1755	1
8156	1434	1
7392	11504	1
10880	9664	1
11647	3356	1
11536	7399	1
4840	2727	1
6465	1901	1
8648	10213	1
9527	113	1
10932	2745	1
8047	10589	5
5246	1699	1
11675	239	1
3515	2192	1
3681	2602	1
10700	644	1
1008	4259	1
11912	1085	1
11516	4167	1
9426	4312	1
3369	978	1
7832	3510	1
11412	7441	1
544	410	1
11491	6987	1
3592	2655	1
4289	8268	1
11768	954	1
11060	1124	1
11708	56	1
8317	5116	1
10590	11986	1
11397	8545	1
2344	179	5
4857	6573	1
10988	3050	1
1891	10941	1
7686	10333	1
7047	5839	1
2043	5062	1
10594	867	5
8884	8390	1
2427	11303	1
10560	652	1
9002	5361	1
2247	1537	1
11691	1071	1
5142	4315	1
5738	1107	1
8780	6788	1
4060	5859	1
6713	5886	1
10259	9729	1
8637	3320	1
10797	680	1
12003	2045	1
40	5059	1
7170	321	1
239	6270	1
7494	2564	1
1041	8296	1
11144	9533	1
11401	1071	1
4762	9815	1
8195	2377	5
9146	1096	5
3754	2207	1
9919	5325	1
4586	8380	1
6675	6035	1
11504	11763	1
8798	793	1
7166	9700	1
2467	9430	1
2175	2613	1
4707	8410	1
4411	2186	1
6133	3982	1
132	261	1
9898	3700	1
6198	8281	1
1920	2484	1
11782	2133	1
4908	4438	1
11242	7464	1
11892	9383	1
1841	954	1
6187	5980	5
497	1367	1
1437	1073	1
2316	3743	1
1567	1442	1
10269	2505	1
4657	67	1
9538	9457	1
9193	5592	1
8653	9386	1
2416	7027	1
5185	2595	1
10215	10600	1
11995	83	1
3353	1425	1
550	1185	1
11006	6044	1
10798	100	1
10875	8966	1
11394	4351	5
5070	4697	1
11761	2557	1
11416	1096	5
10079	9805	1
5504	10510	1
6862	486	1
4564	1892	1
7269	287	5
298	1559	1
6704	1425	1
7925	409	1
7423	6966	1
2971	7764	1
8890	5153	1
5310	3723	1
9192	4789	1
10563	3915	1
1714	12006	1
2345	1810	1
11797	2498	1
11825	2255	1
357	3680	1
737	1654	1
7513	1172	1
920	8758	1
462	3065	1
11569	8720	1
10263	10229	1
7128	593	1
11994	4084	1
7154	1077	1
1708	10742	5
4275	1475	1
3177	9416	1
6601	2277	1
2585	4846	1
11753	3710	1
9943	3022	1
479	616	1
55	2002	1
8449	2547	1
7893	7270	1
568	9345	1
6710	7570	5
5566	476	1
3710	155	1
11901	9612	1
8251	882	1
1939	2158	1
1918	7948	1
8898	2121	1
6445	4093	1
157	1071	1
2902	1029	1
2197	3449	1
12004	9392	1
8899	867	5
4268	1654	1
7459	1146	1
8767	5941	1
1641	3077	1
395	4296	5
4874	6952	1
7935	7542	1
9245	6608	1
8412	2350	1
11687	3392	1
5172	155	1
6686	11799	1
11289	9118	1
9712	10685	1
3966	11275	1
4099	118	1
4339	4259	1
2144	4343	1
12024	3684	1
485	7685	1
11373	8505	1
965	5153	1
10946	563	1
9197	165	1
4102	684	1
9815	41	1
7680	1858	1
11506	319	1
5143	1119	1
1293	1292	1
5677	4399	1
9651	3996	1
4995	1967	1
11759	544	5
7218	8874	1
6033	11096	5
1742	7782	1
5462	6648	1
5394	4950	1
4933	11077	1
2483	544	5
6530	11710	1
8496	11742	1
5582	710	1
9171	4081	1
1378	8283	1
8879	2784	1
11279	680	1
1689	11813	1
5732	9433	1
9047	1069	1
7810	5618	1
12022	827	1
6013	1824	1
8132	1071	1
11360	476	1
10528	6387	1
1859	9105	1
1744	190	1
3296	4789	1
7259	10141	1
7320	9541	1
4616	544	5
3205	4833	1
11510	562	1
2991	6077	1
4288	6482	1
3939	544	5
6061	2634	1
3575	1485	1
2782	5612	1
1705	5233	1
11965	83	1
839	4114	1
7258	2085	1
11079	544	5
3189	183	1
9212	48	5
246	8014	1
3970	9896	1
5197	4329	1
11087	113	1
11043	7307	1
5924	6186	1
5234	1524	1
11392	10801	1
2752	316	1
6440	5378	1
9858	9793	1
3817	325	1
384	5503	1
602	646	1
1680	628	1
4425	2577	1
6615	6803	1
3704	7903	1
275	319	1
11458	423	1
1028	3137	1
2992	8113	1
3330	3022	1
9793	3232	1
503	4343	1
11958	5700	1
12045	7775	1
1589	71	1
4612	2834	1
11066	3986	1
6905	10527	1
8220	1559	1
9292	444	1
11663	476	1
6019	253	1
6956	7644	1
2051	9891	1
11948	835	1
9285	10086	1
1894	634	1
5079	11383	1
6639	7727	1
6766	5394	1
2911	3390	1
12042	3039	1
8464	4548	1
6813	2452	1
6869	5992	1
8453	4083	1
9495	10464	1
11608	4078	1
9847	1573	1
10644	4746	1
6623	8720	1
10262	1559	1
3654	8994	1
848	5011	1
11682	3120	1
10942	8738	1
9658	6831	1
10583	2474	1
10432	7897	1
5819	8782	1
9414	9730	1
1103	8734	1
4190	9442	1
4333	7017	1
943	3689	1
8235	113	1
10770	4343	1
11805	9266	1
69	10385	1
11992	2419	1
4543	551	1
6026	8671	1
8281	7251	1
686	557	1
146	10179	1
10578	83	1
10597	4902	1
9985	5153	1
4165	321	1
9929	7581	1
8417	544	5
4272	9471	1
11970	11774	1
291	9021	1
7961	1113	1
7247	6984	1
590	2573	1
7168	1797	1
8312	8782	5
9095	4314	1
6890	5980	1
2617	307	5
42	4006	1
7970	4593	1
5156	1619	1
5176	8937	1
5879	10823	1
9891	3050	1
9572	321	1
5455	1732	1
379	2186	1
11205	4263	1
2329	4874	1
3220	8566	1
881	4497	5
12049	6987	1
4897	1107	1
5926	1559	1
11244	10547	1
4080	1830	1
7699	1692	1
7157	11271	1
7615	6952	1
11979	1514	1
3255	10625	1
9207	1910	1
7714	6505	1
7951	1420	1
9372	9416	1
9168	6206	1
2939	2788	1
10893	8170	1
4489	3977	1
8381	1660	1
6483	7711	1
4613	3450	1
467	10417	1
8500	5325	1
5779	8329	1
1277	6089	1
6635	3971	5
11943	7740	1
7563	5606	1
11218	380	1
1764	6331	1
4314	2186	1
10693	5561	1
4835	3986	1
10312	827	1
11838	9726	1
7017	11375	1
8942	7112	1
3176	9170	1
7918	2003	1
8268	710	1
519	3039	1
8620	1211	1
7588	11405	1
8935	9049	1
2335	6840	1
7965	1028	1
4344	9778	1
9483	8846	1
166	3186	5
5409	10658	1
11189	83	1
726	1077	1
10354	1097	1
4618	9576	1
6057	10013	1
6960	4076	1
5390	10460	1
7349	11680	1
2859	4525	1
1497	2577	1
9026	8553	1
7704	3458	1
10179	7366	1
9561	3065	1
11398	10398	1
7234	4378	1
3368	1733	1
9507	1949	1
11036	9695	1
9914	5421	1
6701	7441	1
173	8641	1
6990	871	1
420	3065	1
11645	6859	1
6020	10243	1
6732	5769	1
4950	2186	1
649	6359	1
11274	11275	1
8018	6945	1
10197	1071	1
5730	1266	1
12034	450	1
6665	1172	1
1596	11566	1
7556	5823	1
11063	1559	1
9523	5245	1
4569	315	5
3565	3022	1
632	5381	1
9465	2865	1
583	9818	1
10088	9158	1
2057	301	1
5909	321	1
6859	155	1
10276	113	1
8930	2495	1
6980	10756	1
1960	38	1
1398	10989	1
9444	6042	1
2700	5306	1
4530	6044	1
7390	1331	5
9916	10942	1
8654	6968	1
193	5218	1
11927	4918	1
8950	68	1
5634	5565	5
11305	6134	1
1910	2658	1
12054	633	1
1548	8350	1
7390	7880	1
5429	7023	1
2050	710	1
6934	3457	1
3098	3740	1
2321	10398	1
10265	3253	1
918	2736	1
11037	1318	1
610	3637	1
11933	10982	1
11891	1056	1
10531	710	1
4295	4410	1
5804	9547	1
11756	827	1
4366	3944	1
209	6649	1
7696	9632	1
4147	5154	5
9866	1949	1
895	5460	1
3460	6736	1
11206	4359	1
7450	2181	1
6519	8641	1
2457	1442	1
1575	4078	1
10824	827	1
1733	348	1
11666	1071	1
11188	5866	1
10082	11336	1
10471	9677	1
1425	27	1
7079	3137	1
7572	1211	1
11888	9849	1
2855	495	1
10844	9384	5
8805	3927	5
8839	11771	1
11973	287	5
9457	43	1
8841	11760	1
9695	373	1
10748	11866	1
11856	4425	1
10390	3952	1
1560	2727	1
4727	710	1
8433	10385	1
4228	321	1
6303	5916	1
8750	9307	1
9482	8713	1
8473	710	1
10659	6771	1
1630	321	1
11895	959	1
4588	3039	1
6188	391	1
8359	1247	1
10666	2481	1
6992	9274	1
10413	1029	1
9506	652	1
7355	5167	1
4633	1763	1
5181	4120	1
2996	2537	5
4794	2569	1
10689	4633	1
606	6832	1
9278	5997	1
2307	9793	1
4685	3039	1
1259	9694	1
2136	2608	1
4325	1018	1
9863	8254	1
11076	5424	1
1839	7758	1
8231	11753	1
7220	8798	1
11710	4163	1
6670	7342	1
3998	2432	1
7290	321	1
5052	3510	1
4211	7655	1
7855	4483	1
12018	9969	1
11652	4043	1
9189	1292	1
10992	9956	1
8837	10085	1
1156	959	1
4738	7581	1
7194	1238	1
10851	954	1
7710	4887	1
7626	1129	1
11987	3926	1
7783	9548	1
9031	472	1
6449	1890	1
11286	3029	1
5597	10631	1
1584	1572	1
9874	5704	1
3567	7055	1
2253	6993	1
10800	3281	1
10277	3039	1
5942	4633	1
9685	8382	1
9568	6335	1
9056	4315	1
4352	5859	1
4982	2312	1
8475	4000	1
10204	1228	1
8700	9392	1
10975	8239	1
186	4922	1
9790	11658	1
2595	9251	5
6161	1035	1
7901	1113	1
9981	3982	1
11963	9925	1
933	10597	1
6793	2423	1
2487	4606	1
6662	1113	1
5479	111	1
2799	3541	1
11757	9051	1
11070	2310	1
10058	9811	1
3481	2373	1
6580	971	1
3303	8265	5
11766	2921	1
11126	10941	1
1710	9745	1
5762	6857	1
8584	1937	1
4622	9956	1
10851	4315	5
10586	2002	1
4549	4916	5
4993	7960	1
11473	827	1
8630	687	1
7469	5449	1
10677	5509	1
1515	11625	1
9342	8680	5
8341	673	1
5890	9769	1
11034	11814	1
3133	544	5
12051	11377	1
3331	1659	1
11791	7764	1
404	10045	1
2033	1228	1
9575	6134	1
11953	6949	1
5247	1258	1
10549	10554	1
3046	549	1
9892	113	1
714	343	1
10920	11114	1
11936	11715	1
10627	60	1
11688	2277	1
5061	155	1
6738	5042	1
9348	1726	1
11455	2755	1
1790	2056	1
1302	2411	1
5012	6738	1
2376	10904	1
10530	7028	1
11935	422	1
11345	11966	1
3386	2950	1
8986	11402	1
1958	3670	1
3194	1113	1
1807	632	1
5646	9274	1
7579	6633	5
11726	8038	1
2778	9732	1
7522	3137	1
11818	2133	1
7452	301	1
3766	710	1
7241	2537	5
3848	420	5
8802	4327	1
2258	1146	1
7267	1796	1
507	1653	1
10160	2026	1
8537	9079	1
8179	9476	1
8304	630	1
10786	105	1
11245	8718	1
6034	1701	1
5413	1639	1
6075	4259	1
346	1042	1
4000	7878	1
10425	827	1
8335	7893	1
8687	307	5
1528	793	1
5314	1757	5
5211	3881	1
8723	4633	1
4054	301	1
10374	4888	1
7335	610	1
11264	83	1
5329	6733	1
9083	362	1
11698	652	1
12017	1703	1
1398	1096	5
2720	3197	1
1693	795	1
11454	1701	1
8720	9650	1
8232	2430	1
3324	5042	1
2349	4866	1
2629	328	1
11886	844	1
7531	3118	1
4749	1211	1
5003	2186	1
7790	2002	1
9669	2782	1
9150	4315	5
11598	12032	1
10732	1584	1
9723	628	1
7372	261	1
7385	993	1
12020	9231	1
11538	1559	1
12074	827	1
11699	1730	1
2249	538	1
295	2548	1
2312	6478	1
10753	4425	1
4750	83	1
7148	3532	1
925	8103	1
10570	3015	1
770	5941	1
6582	1894	1
6496	5741	1
10919	536	1
9424	8984	1
255	4738	1
11554	6724	1
1876	4687	1
2440	4525	1
5568	1211	1
10325	571	1
11674	9058	1
10308	4099	1
1353	10443	1
609	1741	1
9837	37	1
