2537
1858	2688	385
2688	1858	384
28	5473	626
1412	1232	98
241	2229	267
2229	241	98
4940	5711	11
5711	4940	10
3915	8009	4
8009	3915	5
3009	3242	83
3242	3009	82
416	8013	144
8013	416	145
465	8014	629
8014	465	630
1987	6589	104
8015	8016	89
8016	8015	89
8017	6956	1
6956	8017	105
613	3279	5
3279	613	4
6388	8021	88
8021	6388	87
2350	6239	10
6239	2350	11
52	3631	98
3631	52	105
8023	3233	5
3233	8023	4
57	8024	10
8024	57	98
1579	5740	187
5740	1579	187
8025	1967	5
1967	8025	5
4703	8027	88
8027	4703	87
8028	8029	632
8029	8028	518
4747	8031	353
8031	4747	354
8034	8035	369
5728	4475	356
4475	5728	98
1065	6696	11
6696	1065	10
8036	8037	533
8037	8036	534
2995	4341	105
4341	2995	147
8039	8040	518
8040	8039	636
2960	7299	538
7299	2960	537
3688	8033	322
8033	3688	321
8041	5694	632
5694	8041	637
7489	8042	521
7597	8044	519
8044	7597	638
8045	8046	636
8046	8045	482
8048	3749	285
3749	8048	396
4924	8050	226
8050	4924	225
8051	8052	518
8052	8051	639
620	8053	5
8053	620	4
8054	8055	482
8055	8054	519
243	2525	10
2525	243	118
1298	774	497
774	1298	126
8058	5744	640
5744	8058	641
5855	4120	4
4120	5855	5
759	8060	253
8060	759	252
2518	1251	195
1251	2518	166
7722	6487	37
3348	8064	642
8064	3348	519
8068	5447	11
5447	8068	10
5905	8071	98
8071	5905	105
8072	8073	5
8073	8072	133
4833	1964	267
1964	4833	11
1707	2607	10
2607	1707	11
4324	4473	1
4473	4324	0
1710	1709	11
1709	1710	105
7294	8075	396
8075	7294	537
6146	8076	11
8076	6146	10
4154	4040	98
4040	4154	166
4327	8077	5
8077	4327	5
805	2459	98
2459	805	267
8078	5401	529
5401	8078	528
6696	6254	10
6254	6696	98
1970	6331	88
6331	1970	195
3630	7662	4
7662	3630	5
8082	4609	0
4609	8082	1
1630	4247	4
4247	1630	4
4752	213	5
213	4752	4
2917	1370	352
281	3775	118
3775	281	105
152	8086	104
7406	2112	222
2112	7406	221
1222	7167	643
6442	176	98
176	6442	0
1862	954	644
874	4894	105
4894	874	11
92	6859	273
6859	92	272
8095	8096	481
8096	8095	482
3222	2524	98
2524	3222	10
4493	2171	4
2171	4493	5
8098	5200	645
5200	8098	646
8105	6631	267
6631	8105	118
8106	8107	88
8107	8106	118
8108	4393	104
381	618	98
618	381	338
2142	8110	118
8110	2142	146
8111	4074	105
4074	8111	285
8111	133	0
133	8111	118
4999	1799	11
1799	4999	267
7635	1379	157
1437	3867	5
3867	1437	5
8113	436	5
436	8113	5
4580	8114	118
8114	4580	88
1453	6700	5
6700	1453	5
7842	7718	118
7718	7842	105
8115	5073	118
5073	8115	267
134	1958	197
1958	134	196
1871	1788	5
1788	1871	5
8117	8118	231
8118	8117	368
8125	3773	104
8127	5279	5
5279	8127	4
8128	8129	267
8129	8128	118
2358	8130	647
8130	2358	648
2359	8131	5
8131	2359	5
4012	5594	222
5594	4012	221
1716	847	493
2839	8134	146
8134	2839	147
8138	5294	98
5294	8138	145
5209	5903	195
5903	5209	166
4500	8140	166
8140	4500	195
8028	8141	632
8141	8028	518
3271	370	307
370	3271	105
1773	3359	166
3359	1773	195
2143	3279	10
3279	2143	98
3774	3300	98
3226	3332	5
3332	3226	4
1065	8143	4
8143	1065	5
8144	4470	37
8145	7429	118
7429	8145	267
8146	3009	83
3009	8146	82
8148	8149	649
4178	2486	10
2486	4178	11
409	976	5
976	409	5
3418	4182	278
8154	8155	230
5554	1309	98
1309	5554	267
3897	8159	626
8162	1952	89
1952	8162	440
7055	440	339
440	7055	338
7779	581	650
581	7779	293
5471	5184	267
5184	5471	118
2957	5436	4
5436	2957	4
4606	4463	5
4463	4606	5
3403	7152	87
7152	3403	166
8167	8166	369
1949	8168	10
8168	1949	11
165	8170	90
8170	165	91
2665	7570	105
7570	2665	98
1075	31	5
31	1075	5
1379	8172	342
8173	5259	188
5418	5250	98
5250	5418	105
6440	1874	105
1874	6440	98
3133	3713	0
3713	3133	98
8175	7679	583
7679	8175	583
2411	105	362
105	2411	362
4498	4082	10
4082	4498	118
4911	591	183
591	4911	184
8179	4261	250
6884	5034	82
5034	6884	83
5688	5888	4
5888	5688	5
1414	5228	11
5228	1414	267
5593	7635	10
7635	5593	11
481	4446	353
4446	481	98
8186	7503	352
7303	3332	4
3332	7303	5
6880	4662	5
4662	6880	5
2517	2365	4
2365	2517	4
3613	7802	278
5207	1139	66
1139	5207	66
28	663	629
8193	2584	89
2584	8193	89
4234	2359	5
2359	4234	5
539	5839	5
5839	539	5
4357	7486	98
7486	4357	145
1795	1799	98
1799	1795	105
7136	4543	338
4543	7136	339
6046	1370	104
8196	8197	369
8197	8196	367
1344	1899	4
1899	1344	4
4232	8198	4
8198	4232	4
8199	8200	11
8200	8199	105
8202	5969	5
5969	8202	4
8203	2350	118
2350	8203	267
7548	6369	166
6369	7548	98
4609	8205	195
8205	4609	105
8207	813	146
813	8207	118
7619	8208	5
8208	7619	5
1177	6029	105
6029	1177	98
4340	789	166
789	4340	98
3085	5306	4
5306	3085	5
7679	7570	5
7570	7679	5
1494	1458	11
1458	1494	10
791	62	98
62	791	105
8210	5932	361
5932	8210	361
5619	8211	5
8211	5619	5
8213	6602	37
3328	7282	105
7282	3328	98
361	2819	66
2819	361	66
7378	7302	4
7302	7378	4
6295	661	5
661	6295	5
7082	5121	143
5121	7082	651
3841	6117	10
6117	3841	118
7820	3889	11
3889	7820	267
8217	4533	4
4533	8217	5
3257	8218	5
8218	3257	4
8219	4040	98
4040	8219	10
2992	8220	126
8220	2992	497
8221	8222	636
8222	8221	638
4249	8223	82
8223	4249	82
204	4040	118
4040	204	267
8225	8226	632
8226	8225	518
7963	2168	11
2168	7963	10
2066	8055	642
8055	2066	636
4919	8228	482
8228	4919	636
3231	943	88
943	3231	11
7794	2693	10
2693	7794	144
2669	5092	98
5092	2669	10
8232	8233	481
8233	8232	642
3387	656	339
656	3387	338
8236	3406	4
3406	8236	5
7714	368	37
8237	8238	5
8238	8237	5
661	2147	5
2147	661	4
5459	2988	11
2988	5459	10
8240	4866	369
4122	7748	98
7748	4122	105
747	8110	144
8110	747	145
3446	7911	82
7911	3446	83
2624	6331	146
6331	2624	195
5198	971	652
971	5198	632
1701	3900	4
3900	1701	4
3727	8138	145
8138	3727	144
8242	2845	87
2845	8242	145
789	7340	82
7340	789	83
5528	2019	197
2019	5528	196
5006	304	105
304	5006	147
7623	723	98
723	7623	105
3403	8244	195
8244	3403	267
322	2694	82
2694	322	83
8245	8246	298
8249	5749	653
5749	8249	654
8250	2517	5
2517	8250	5
8251	4050	0
4050	8251	11
8252	7843	568
4662	3484	4
3484	4662	5
8254	3133	298
8255	8256	642
8256	8255	519
644	4454	5
4454	644	5
349	8257	10
8257	349	98
8259	8260	638
8260	8259	519
5538	8261	11
8261	5538	88
6160	517	10
517	6160	11
7960	1206	272
1206	7960	273
2246	2247	4
2247	2246	4
670	5441	11
5441	670	10
8264	3271	88
3271	8264	307
5281	2727	5
2727	5281	5
3309	1830	66
1830	3309	5
4403	8267	396
8267	4403	285
3264	933	37
8269	8270	170
8270	8269	169
3536	7429	98
7429	3536	267
8271	8272	655
8272	8271	656
6880	6171	1
6171	6880	0
8273	1496	455
1496	8273	454
971	5898	657
5898	971	658
1812	1399	89
1399	1812	89
5431	5771	10
5771	5431	11
3230	8278	5
8278	3230	4
8281	1504	517
1504	8281	105
8282	1496	252
1496	8282	253
8283	662	105
662	8283	98
1371	436	166
436	1371	11
2000	5490	5
5490	2000	5
6449	3375	10
3375	6449	11
2750	6453	11
6453	2750	10
6625	7136	98
7136	6625	105
7323	4322	98
4322	7323	10
3041	6643	10
6643	3041	11
1933	2730	224
2730	1933	223
8291	6161	105
6161	8291	11
8293	8294	87
8294	8293	88
449	4149	10
4149	449	11
6096	2484	82
2484	6096	83
840	8295	626
8296	5541	4
5541	8296	4
2862	8297	91
8297	2862	90
3119	8298	362
8298	3119	362
1412	8299	98
8299	1412	267
8300	4214	659
4214	8300	660
7152	2077	105
2077	7152	118
3475	8301	222
8301	3475	221
7008	2008	11
2008	7008	10
6503	1448	118
1448	6503	267
516	6589	37
8305	5852	374
5852	8305	517
2519	3543	267
3543	2519	98
7000	8312	368
8313	8111	98
8111	8313	105
8317	8318	354
8318	8317	353
1021	1112	197
1112	1021	196
3798	8319	5
8319	3798	5
7561	5919	98
5919	7561	10
2270	5288	10
5288	2270	11
8320	8321	118
8321	8320	267
512	5489	220
3751	737	10
737	3751	11
3071	2503	105
2503	3071	118
7144	8325	196
8325	7144	197
17	1631	5
1631	17	4
8039	7480	482
7480	8039	632
31	4848	5
4848	31	5
8327	1269	221
1269	8327	222
5064	5246	11
5246	5064	105
5459	8328	385
8328	5459	384
4370	234	5
234	4370	5
8329	5792	171
5792	8329	253
8330	457	104
1172	7053	212
7053	1172	212
7375	2744	98
2744	7375	10
86	1058	662
1058	86	650
4525	3660	166
3660	4525	98
4757	8334	87
8334	4757	105
8335	8336	11
8336	8335	10
4670	8338	195
8338	4670	88
8339	8340	105
8340	8339	98
4269	97	650
97	4269	662
8341	8342	518
8342	8341	632
8343	484	632
484	8343	642
6804	6616	105
6616	6804	303
8344	8345	636
8345	8344	518
8348	6647	293
6647	8348	293
3254	8349	66
8349	3254	66
742	626	89
626	742	89
8352	7390	118
7390	8352	105
6472	4751	4
4751	6472	5
8354	192	4
192	8354	4
8355	4911	0
4911	8355	1
7022	1698	82
1698	7022	83
8356	813	166
813	8356	98
1122	1913	66
1913	1122	66
5772	6816	196
6816	5772	197
5538	5746	11
5746	5538	267
3318	4042	105
4042	3318	98
8357	539	105
8358	299	37
5140	626	274
1072	6997	98
6997	1072	105
581	467	662
2936	8360	98
8360	2936	222
28	8361	629
2553	4305	126
4305	2553	497
8362	6692	10
6692	8362	11
6845	4732	4
4732	6845	5
8365	5431	118
5431	8365	105
8309	2781	4
2781	8309	5
8367	8055	638
8055	8367	519
3086	8368	105
8368	3086	118
3418	2120	278
1186	8369	10
8369	1186	339
8370	8371	482
8371	8370	481
4124	7456	10
7456	4124	11
8373	5948	5
5948	8373	4
5887	8374	518
8374	5887	481
1102	7782	115
7782	1102	579
1102	8380	626
6703	1371	11
1371	6703	10
4844	7340	82
7340	4844	83
3041	198	10
198	3041	11
2773	541	0
541	2773	118
586	1594	362
1594	586	362
1344	1584	118
1584	1344	10
8387	1535	196
1535	8387	197
6171	8389	0
8389	6171	98
7644	8390	664
1491	5685	604
5685	1491	133
8391	8392	369
8392	8391	368
2799	2865	5
2865	2799	5
2064	4863	105
4863	2064	144
8394	7551	445
7551	8394	444
8395	4065	10
4065	8395	98
3796	8396	10
8396	3796	11
207	2745	5
2745	207	5
8399	8398	37
8305	8400	267
8400	8305	118
3803	4970	98
4970	3803	105
3707	4039	37
2579	298	250
5191	7774	5
7774	5191	4
8405	8406	481
8406	8405	642
8410	1444	396
1444	8410	285
3065	2142	10
2142	3065	147
8411	7590	89
7590	8411	89
8414	8415	5
8415	8414	4
2348	486	87
486	2348	88
5198	8416	188
8417	7027	338
7027	8417	87
6123	8418	267
8418	6123	195
317	8225	643
5694	8026	521
3155	5341	304
5341	3155	303
8424	8425	37
2826	2689	497
2689	2826	126
142	7958	342
4850	7270	98
7270	4850	145
8238	8429	5
8429	8238	4
8334	5993	267
5993	8334	98
7611	8430	4
8430	7611	5
7061	8433	5
8433	7061	5
1273	1321	10
1321	1273	98
6933	545	98
545	6933	105
1665	5848	98
5848	1665	146
8434	7822	482
7822	8434	632
8436	3997	662
3997	8436	650
5738	1665	105
1665	5738	98
1418	2572	5
2572	1418	4
5450	6061	89
6061	5450	89
165	4098	90
4098	165	91
5305	6459	147
6459	5305	146
1075	1539	4
1539	1075	4
8441	8442	638
8442	8441	519
6181	1137	118
5905	123	98
123	5905	267
2095	3313	195
3313	2095	88
4588	576	188
8447	946	89
7342	3372	396
3372	7342	537
1234	6731	363
5684	2600	98
2600	5684	105
4236	8448	5
8448	4236	5
7479	8449	212
8449	7479	212
8361	8450	667
8450	8361	668
1608	8451	669
8451	1608	547
3587	3033	88
3033	3587	98
7612	1171	5
1171	7612	4
7571	2791	105
2791	7571	144
281	2569	98
2569	281	105
3342	8261	11
8261	3342	10
4669	8457	196
8457	4669	197
4086	1085	1
1085	4086	105
5928	368	670
4323	4349	166
4349	4323	87
20	1665	66
1665	20	66
2506	4686	147
4686	2506	146
3037	1472	146
1472	3037	98
900	3322	145
3322	900	144
8469	243	11
243	8469	10
1491	1450	604
1450	1491	361
6952	8472	10
8472	6952	11
5285	8473	11
8473	5285	267
8475	213	5
213	8475	4
2547	2151	118
2151	2547	105
2057	8138	145
8138	2057	144
2257	8477	298
6956	1190	0
1190	6956	98
6923	817	105
817	6923	118
8482	8483	252
8483	8482	253
317	8331	643
2225	6254	105
6254	2225	147
6963	2454	11
2454	6963	10
8025	6665	5
6665	8025	4
6621	4543	4
4543	6621	5
6123	3561	10
3561	6123	11
512	8488	5
8488	512	5
28	755	626
3774	4472	307
5149	8490	221
8490	5149	222
356	8491	98
8491	356	11
8492	3524	230
3524	8492	369
8494	8495	4
8495	8494	5
8156	2344	5
2344	8156	5
7061	1065	5
1065	7061	4
2344	111	5
111	2344	5
190	8498	615
8498	190	614
4454	6369	66
6369	4454	66
1239	990	5
990	1239	5
2137	6922	66
6922	2137	66
4116	1722	5
1722	4116	5
7593	8503	5
8503	7593	5
3762	8505	144
8505	3762	145
5305	8507	147
8507	5305	146
1075	6092	4
6092	1075	4
2095	3919	195
3919	2095	166
7194	8514	267
8514	7194	11
3216	251	89
251	3216	89
8516	5004	37
7030	8517	638
8517	7030	636
8519	8520	1
8520	8519	10
8521	6589	104
8522	8265	188
7592	368	91
368	7592	90
4128	2775	83
2775	4128	82
4627	8524	4
8524	4627	5
8525	7698	4
7698	8525	5
657	4772	10
4772	657	11
2517	8102	118
8102	2517	304
828	1329	142
6758	6411	267
6411	6758	98
5067	368	104
28	4644	288
4644	28	297
4909	28	671
8533	8012	521
986	7715	10
7715	986	11
4266	3473	451
3473	4266	5
2766	8536	230
8536	2766	231
7694	4586	10
4586	7694	11
8537	8538	381
8538	8537	381
8539	8540	10
8540	8539	11
5665	7319	5
7319	5665	5
842	5821	1
5821	842	0
3484	6171	1
6171	3484	0
8542	8543	11
8543	8542	10
28	5187	288
8388	3298	88
3298	8388	87
1177	8544	105
8544	1177	98
3293	8545	267
8545	3293	118
524	8548	11
8548	524	10
8549	3680	37
7842	8550	221
8550	7842	222
1895	339	267
339	1895	11
436	6588	147
6588	436	166
5191	5392	5
5392	5191	5
5827	4962	672
4962	5827	673
8553	701	105
701	8553	118
5651	3830	4
3830	5651	5
8556	675	10
675	8556	11
8410	2523	0
2523	8410	98
8559	8560	642
8560	8559	632
1469	2077	267
2077	1469	118
8562	8563	4
8563	8562	5
5147	1733	0
1733	5147	1
3730	928	11
928	3730	105
1362	1899	4
1899	1362	4
8566	4609	263
4609	8566	262
8146	4710	420
4710	8146	421
8568	119	267
119	8568	195
7027	7718	118
7718	7027	166
6278	8569	231
8306	3192	197
3192	8306	196
4247	7341	104
7837	5524	195
5524	7837	166
5027	1938	105
1938	5027	98
3447	8068	267
8068	3447	147
3277	4688	98
4688	3277	10
8555	8575	568
8241	5200	674
5200	8241	675
306	8577	83
8577	306	82
8339	7067	146
7067	8339	98
329	1643	83
1643	329	82
8578	7167	443
7167	8578	578
8583	8584	367
8584	8583	231
6472	4265	4
4265	6472	5
335	5162	98
5162	335	105
8586	8587	98
8587	8586	146
8588	8589	476
8589	8588	477
3234	8590	4
8590	3234	4
2364	4008	10
4008	2364	11
8591	1159	221
1159	8591	88
8593	4778	676
4778	8593	677
7342	8595	0
8595	7342	98
2314	6160	118
6160	2314	10
4194	387	10
387	4194	98
8597	8598	37
1306	6929	4
6929	1306	5
3521	7250	118
7250	3521	267
8601	4360	105
4360	8601	1
3312	2526	5
2526	3312	5
4563	4620	240
4620	4563	241
7133	4050	105
4050	7133	98
1117	789	105
789	1117	98
2281	3309	5
3309	2281	5
8604	8605	352
4679	8606	221
8606	4679	222
3308	295	5
295	3308	4
4835	4834	231
8611	3649	678
3649	8611	651
8595	2802	98
2802	8595	538
2002	398	10
398	2002	98
1326	8612	5
8612	1326	5
6975	4000	5
4000	6975	4
4609	7455	11
7455	4609	10
6028	2293	5
2293	6028	5
1913	4312	133
4312	1913	133
1339	531	83
531	1339	82
192	8613	298
4278	8614	83
8614	4278	82
8615	8616	609
8616	8615	610
263	8617	5
8617	263	4
524	6818	11
6818	524	10
436	3769	195
3769	436	166
8618	8619	519
8619	8618	642
8002	5549	98
5549	8002	105
8621	1185	285
1185	8621	538
3867	1870	5
1870	3867	5
5948	1205	5
1205	5948	4
692	257	4
257	692	4
2152	8623	118
6277	6216	267
6216	6277	307
3555	1673	5
1673	3555	5
636	8629	11
8629	636	88
2287	6524	4
6524	2287	5
6073	7053	196
7053	6073	197
4477	6770	105
6770	4477	11
8630	8631	105
8631	8630	144
3542	3334	10
3334	3542	11
3447	15	10
15	3447	98
7098	8638	5
8638	7098	5
2083	2035	4
2035	2083	4
4026	8641	352
8643	8029	481
8029	8643	518
8645	8442	518
8442	8645	636
8646	7290	556
7340	1376	83
1376	7340	82
7269	1089	5
1089	7269	5
2953	6487	436
5448	7211	147
7211	5448	105
8647	8442	482
8442	8647	519
5698	3586	679
3586	5698	386
8649	2362	250
8650	6930	354
6930	8650	267
954	8651	454
8651	954	455
4383	4185	5
4185	4383	5
8652	8653	482
8653	8652	519
8654	8655	642
8655	8654	519
5462	2414	11
2414	5462	105
8657	675	5
675	8657	5
713	4046	98
4046	713	267
1439	4084	11
4084	1439	10
4799	3069	166
3069	4799	11
5845	7869	212
7869	5845	212
6756	2413	4
2413	6756	133
4051	8661	4
8661	4051	5
8662	8663	267
8663	8662	118
8665	8664	680
5513	8667	492
8667	5513	491
971	8671	681
8671	971	518
7417	8672	118
8672	7417	105
8673	8258	682
8258	8673	683
5766	8674	10
8674	5766	11
8676	8677	5
8677	8676	5
6	3928	482
3928	6	636
8679	8254	4
8254	8679	4
7631	7421	338
7421	7631	339
8095	8681	636
8681	8095	518
8098	8041	684
8041	8098	685
8683	5932	361
5932	8683	133
8688	6407	98
6407	8688	88
7008	7399	11
7399	7008	10
8690	8691	439
8691	8690	439
8692	8693	0
8693	8692	1
8268	2305	37
8695	7651	492
7651	8695	491
6567	874	98
874	6567	105
171	28	630
28	171	284
6172	7853	5
7853	6172	5
6838	4578	339
4578	6838	338
8702	3427	118
3427	8702	267
2233	558	604
558	2233	5
8703	6896	686
6896	8703	687
2607	8704	4
8704	2607	5
2607	5763	4
5763	2607	5
2571	3548	553
1362	4533	4
4533	1362	5
6566	2639	91
2639	6566	90
1964	462	66
462	1964	66
1481	368	37
8710	8582	4
8582	8710	4
2018	6112	267
6112	2018	98
8712	4795	535
4795	8712	458
4652	2381	5
2381	4652	5
1711	8002	4
8002	1711	66
8716	8715	231
7375	411	4
411	7375	5
3996	86	293
1416	4065	267
4065	1416	98
7676	8718	105
8718	7676	303
4800	6062	1
6062	4800	10
3144	2593	98
2593	3144	267
8721	1739	318
1739	8721	318
5659	3214	98
3214	5659	353
5659	8722	354
8722	5659	353
5078	3432	155
3432	5078	154
7271	8723	446
8723	7271	133
7827	7551	688
8068	8727	147
8727	8068	105
669	4225	5
4225	669	4
6242	8729	196
8729	6242	197
1210	2296	5
2296	1210	4
176	4086	105
4086	176	98
5905	8730	98
8730	5905	10
1122	6363	147
6363	1122	105
1253	8407	1
8407	1253	105
6561	6799	10
6799	6561	11
8362	791	105
791	8362	11
15	8735	11
8735	15	10
8736	3484	4
3484	8736	5
8738	8505	118
8505	8738	267
7537	3927	11
3927	7537	105
4127	5217	105
5217	4127	147
6665	3931	5
3931	6665	4
6192	2954	307
3686	7072	105
7072	3686	98
6791	1397	267
1397	6791	118
1326	3478	5
3478	1326	4
4388	1923	105
1923	4388	118
2954	3848	146
3848	2954	147
8743	8744	89
8744	8743	89
8746	7186	98
7186	8746	267
5963	5956	171
5956	5963	253
7605	7166	278
7964	7153	118
7153	7964	267
8748	7480	482
7480	8748	481
8749	7480	482
7480	8749	481
378	2043	82
2043	378	83
8553	8751	396
8751	8553	285
8331	6	636
6	8331	689
1637	6854	105
6854	1637	11
8755	8756	497
8756	8755	126
1579	5773	10
5773	1579	11
5508	6997	98
6997	5508	105
3548	8759	170
8759	3548	169
1728	1362	267
1362	1728	98
8762	8763	5
8763	8762	5
7186	8764	105
8764	7186	87
4372	7236	285
7236	4372	396
4714	708	10
708	4714	118
2018	148	105
148	2018	285
5728	2936	267
2936	5728	87
8036	2811	444
2811	8036	445
8765	8488	10
8488	8765	11
8563	176	285
176	8563	267
769	4820	5
4820	769	4
1842	2850	5
2850	1842	5
3622	8676	5
8676	3622	5
8771	8772	89
8772	8771	89
8773	8774	4
8774	8773	5
102	701	4
701	102	5
5788	3237	5
3237	5788	5
8778	8779	632
8779	8778	518
8564	5305	154
5305	8564	297
8780	5374	691
5374	8780	692
1794	8781	118
8781	1794	267
3683	5257	105
5257	3683	98
8785	4802	368
4802	8785	369
1471	7876	144
7876	1471	145
4285	2723	267
2723	4285	11
8786	4811	144
4811	8786	145
4383	3187	118
3187	4383	267
6074	5455	267
5455	6074	118
5993	1984	5
1984	5993	5
2310	1025	66
1025	2310	66
7194	8793	88
8793	7194	118
6240	1362	5
1362	6240	4
3217	7466	118
7466	3217	88
8796	8797	89
8797	8796	89
395	5047	83
5047	395	82
4598	8799	10
8799	4598	11
622	4614	98
4614	622	105
4497	8804	11
8804	4497	105
8806	8390	693
8390	8806	694
8076	3951	10
3951	8076	11
8811	4082	10
4082	8811	118
8770	8342	482
8342	8770	519
8676	8553	98
8553	8676	105
2691	8813	115
8813	2691	579
2525	155	11
155	2525	10
2051	539	105
8817	8818	642
8818	8817	632
5115	300	143
300	5115	142
1326	1043	5
1043	1326	4
2799	5079	5
5079	2799	5
8820	6959	1
6959	8820	0
5665	6676	11
6676	5665	267
7550	7028	5
7028	7550	5
8823	8824	596
8824	8823	595
5468	4683	98
4683	5468	105
4724	4723	10
4723	4724	1
7994	8825	4
8825	7994	4
2054	7238	1
7238	2054	267
8827	5504	223
5504	8827	224
4776	4393	37
8646	559	267
559	8646	118
8612	6898	11
6898	8612	10
8828	8829	125
8829	8828	200
7248	449	11
449	7248	105
8831	2793	104
7492	3745	83
3745	7492	82
5147	8258	0
8258	5147	1
8836	5766	98
5766	8836	267
526	8837	5
8837	526	5
4853	5054	91
5054	4853	90
8568	3199	214
3199	8568	215
3028	3091	10
3091	3028	11
8841	5197	695
5197	8841	696
3622	5216	4
5216	3622	5
8843	2507	632
2507	8843	642
1239	8846	4
8846	1239	4
13	8847	84
8849	8371	642
8371	8849	636
1659	7859	433
7859	1659	434
8164	6058	339
6058	8164	338
954	28	440
8786	3831	144
3831	8786	105
8056	3928	482
3928	8056	632
7242	2181	118
2181	7242	10
1758	1775	98
1775	1758	267
2302	19	250
8857	4454	105
4454	8857	98
1710	6826	11
6826	1710	10
670	2506	5
2506	670	5
714	5545	82
5545	714	83
8862	8863	118
8863	8862	267
2392	3829	5
3829	2392	4
5289	339	4
339	5289	5
8865	1857	187
1857	8865	187
4582	2410	104
3333	7390	118
7390	3333	105
8719	102	222
102	8719	118
8277	8872	11
8872	8277	105
8874	7988	144
7988	8874	267
8876	2733	638
2733	8876	636
2150	5813	105
5813	2150	1
5619	4835	37
2642	8877	368
4844	8878	83
8878	4844	82
3069	4679	5
4679	3069	4
5665	5217	5
5217	5665	4
5846	4205	187
4205	5846	212
2778	2777	303
2777	2778	304
6721	8880	5
8880	6721	4
8830	431	436
8882	8881	352
7048	8883	82
8883	7048	83
1472	4949	118
4949	1472	105
1598	5362	697
5362	1598	362
2908	3209	145
3209	2908	98
5047	5615	83
5615	5047	82
1755	992	104
2945	7612	5
7612	2945	5
2247	8886	4
8886	2247	4
4738	4046	98
4046	4738	304
3007	7610	297
7610	3007	288
7590	8887	89
8887	7590	89
1033	2134	88
2134	1033	87
4909	8889	253
8889	4909	587
5404	7828	83
7828	5404	82
1665	1666	147
1666	1665	88
8893	8241	521
4543	1871	5
1871	4543	5
361	5740	307
2478	8895	5
8895	2478	5
6693	4046	98
4046	6693	105
6782	2810	222
2810	6782	87
3353	5259	188
6611	7676	285
7676	6611	0
4701	703	147
703	4701	166
2243	1210	4
1210	2243	5
5490	1951	446
1951	5490	133
8898	8899	698
8899	8898	698
2865	8084	118
8084	2865	267
6847	1470	146
1470	6847	147
3347	6390	212
6390	3347	212
2657	990	105
990	2657	98
8903	8904	354
8904	8903	105
6888	1418	105
1418	6888	98
8905	372	5
372	8905	4
8906	8822	681
8822	8906	652
339	8907	4
8907	339	4
2625	368	37
6176	153	11
153	6176	10
4667	7701	104
16	3144	4
3144	16	5
8910	234	5
234	8910	5
8911	8912	253
8912	8911	252
262	3392	98
3392	262	105
3830	3308	4
3308	3830	5
6798	3824	118
3824	6798	267
2799	3927	11
3927	2799	10
7604	607	133
607	7604	133
1177	7667	10
7667	1177	11
3085	1114	5
1114	3085	5
1325	6443	84
8913	6387	369
8917	8918	142
8918	8917	143
5689	2490	118
2490	5689	10
8612	1631	4
1631	8612	5
4720	669	5
669	4720	5
3257	8920	285
8920	3257	105
8703	8922	686
8922	8703	687
7570	8175	4
8175	7570	5
512	2799	133
2799	512	133
3271	6542	87
8454	8923	104
6608	6607	699
7429	3387	338
3387	7429	339
8926	8095	638
8095	8926	519
3246	4192	361
4192	3246	361
6130	8793	267
8793	6130	98
5032	8927	146
8927	5032	147
1256	8929	553
4606	7383	11
7383	4606	10
1810	1139	10
1139	1810	98
2976	7280	5
7280	2976	5
8937	8296	5
8296	8937	66
8252	8938	169
8938	8252	170
2988	56	91
56	2988	90
8939	8940	700
8940	8939	691
8941	8942	10
8942	8941	221
8944	4235	5
4235	8944	4
5279	8946	4
8946	5279	4
8947	393	11
393	8947	10
8948	6706	90
1978	8208	5
8208	1978	5
8949	8950	0
8950	8949	1
1407	8952	250
3002	6693	304
6693	3002	98
7332	1287	466
1287	7332	467
5374	2409	568
5180	5722	4
5722	5180	4
2442	813	267
813	2442	118
8956	2390	174
8957	7364	105
7364	8957	98
7072	2060	11
2060	7072	10
6002	1507	118
1507	6002	267
8809	3945	396
3945	8809	118
2282	7061	5
7061	2282	5
1442	3927	11
3927	1442	10
1641	791	4
791	1641	5
2278	6268	98
3535	8962	105
8962	3535	1
3865	165	91
165	3865	90
2925	8590	363
6986	3798	10
3798	6986	11
3006	2157	146
2157	3006	147
7604	8963	5
8963	7604	5
1976	4846	5
4846	1976	5
8964	8693	10
8693	8964	11
7377	624	11
624	7377	10
8965	1118	118
1118	8965	267
6070	3937	10
3937	6070	11
8968	8969	10
8969	8968	11
8971	8972	642
8972	8971	519
2531	3763	5
3763	2531	5
8973	8927	222
8927	8973	221
2583	1673	146
1673	2583	98
8544	2799	5
2799	8544	5
2375	1712	98
1712	2375	10
8886	8773	5
8773	8886	5
3224	8977	10
8977	3224	98
2660	1179	222
1179	2660	221
8981	338	0
338	8981	1
2429	8985	363
5213	6079	188
8986	916	105
7271	8988	11
8988	7271	10
387	3269	5
3269	387	5
7195	1494	10
1494	7195	11
4426	6843	553
5259	554	558
4861	7343	98
7343	4861	10
8992	8991	174
4618	4603	354
4603	4618	105
1923	4202	1
4202	1923	10
3167	8997	4
8997	3167	4
654	2962	146
2962	654	98
770	1239	105
1239	770	98
4875	319	5
319	4875	4
9003	9004	368
4579	388	10
388	4579	11
4271	985	4
985	4271	4
9009	3145	252
3145	9009	253
5665	1152	11
1152	5665	166
3978	34	11
34	3978	10
108	2125	118
2125	108	105
2172	713	4
713	2172	4
3400	7733	105
7733	3400	11
3586	9015	84
5118	334	105
334	5118	11
8200	4562	91
4494	334	267
334	4494	98
7468	7733	267
7733	7468	98
813	3636	147
3636	813	146
6616	2246	4
2246	6616	5
6722	8145	133
8145	6722	361
8629	7553	145
7553	8629	195
7364	7409	98
7409	7364	353
2431	9018	267
9018	2431	98
6174	8342	518
8342	6174	519
4959	1956	271
1956	4959	270
8965	5521	195
7849	9020	4
9020	7849	4
2826	4668	125
4668	2826	200
3497	9021	363
8495	7297	517
7297	8495	105
86	364	293
4009	1467	278
4753	2041	98
2041	4753	88
4731	6721	105
6721	4731	98
2696	4617	538
4617	2696	98
9024	1994	252
1994	9024	253
9025	6219	540
6219	9025	540
9026	5351	105
5351	9026	98
1899	4861	446
4861	1899	604
9028	1771	701
1771	9028	702
438	8828	147
8828	438	105
4109	3067	105
3067	4109	98
9029	6623	703
6623	9029	704
4704	4188	5
4188	4704	5
3102	5662	11
5662	3102	10
9032	7409	118
7409	9032	267
5541	9033	4
9033	5541	4
4934	11	166
11	4934	147
5897	3777	187
3777	5897	187
9035	8233	481
8233	9035	482
4397	2322	705
6620	9036	171
9036	6620	253
9037	3403	267
3403	9037	87
9038	2039	214
2039	9038	215
6770	9040	220
2034	3900	4
3900	2034	4
9041	2409	463
2409	9041	464
6953	554	558
554	6953	558
5465	1172	389
1172	5465	390
2300	9044	10
9044	2300	11
8373	2151	118
2151	8373	396
4283	2176	363
4483	7741	98
7741	4483	105
9048	2977	105
2977	9048	118
7222	8045	642
8045	7222	632
6270	7021	338
7021	6270	339
9050	7426	707
4815	9051	5
9051	4815	5
9052	8944	4
8944	9052	5
5614	4971	105
4971	5614	195
9053	8158	519
8158	9053	518
9051	9054	11
9054	9051	497
9055	8163	90
8163	9055	91
5735	2574	10
2574	5735	11
9056	8655	638
8655	9056	636
6579	7512	88
7512	6579	221
8065	9061	537
9061	8065	396
166	6197	10
6197	166	11
2044	2197	339
2197	2044	222
9063	9064	89
9064	9063	89
4557	9065	368
9066	2221	11
2221	9066	10
9067	6693	4
6693	9067	4
9068	1538	104
9069	9070	1
9070	9069	0
5434	9071	518
9071	5434	481
3215	7787	90
9074	9075	586
9075	9074	587
1384	9076	11
9076	1384	10
9077	5659	5
5659	9077	5
6930	3991	146
3991	6930	147
9080	5564	37
9083	1857	187
1857	9083	187
9084	205	352
4526	4771	278
9087	9088	482
9088	9087	636
8352	7330	118
7330	8352	267
4688	3880	105
3880	4688	144
3437	1608	708
1608	3437	546
9090	1129	88
1129	9090	87
3371	9091	222
9091	3371	87
9092	8919	105
8919	9092	87
713	9093	5
9093	713	4
6896	8994	521
9094	4918	1
4918	9094	0
9095	4022	709
4022	9095	710
5511	6100	82
6100	5511	83
1022	581	711
1517	2835	89
2835	1517	89
2505	4686	98
4686	2505	105
5926	8541	11
8541	5926	10
7811	8265	188
8067	817	10
817	8067	11
7176	9034	98
9034	7176	267
9031	9097	288
5239	4203	4
4203	5239	5
3222	5897	118
5897	3222	267
7268	4089	4
4089	7268	5
6367	5973	105
5973	6367	98
6740	6369	10
6369	6740	11
6376	6490	361
6490	6376	361
5368	4206	479
4206	5368	480
6112	1625	37
9107	9108	37
9088	8054	481
8054	9088	482
3345	9109	105
9109	3345	118
9111	3907	297
3907	9111	154
4533	9113	712
9113	4533	713
1216	4874	4
4874	1216	4
9116	438	267
438	9116	147
9118	8246	285
8246	9118	538
17	6698	4
6698	17	4
6332	5705	10
5705	6332	98
661	9120	4
9120	661	5
9077	3577	5
3577	9077	4
9122	9123	4
9123	9122	4
9124	8230	680
5973	4910	98
4910	5973	267
9125	4127	90
4127	9125	91
7623	7098	4
7098	7623	4
4699	9131	368
3448	177	10
177	3448	11
6349	5763	4
5763	6349	4
9134	1870	10
1870	9134	11
4042	2750	5
2750	4042	5
9137	9138	255
9138	9137	409
7926	665	4
665	7926	5
9141	9142	66
9142	9141	66
3268	9145	4
9145	3268	5
9146	2542	274
9147	7666	4
7666	9147	5
2000	8338	11
8338	2000	10
9150	3426	4
3426	9150	4
5436	6193	4
6193	5436	4
5365	524	10
524	5365	11
3484	4305	11
4305	3484	10
8407	4652	105
4652	8407	1
1915	4393	37
8705	4735	263
4735	8705	262
3067	3720	98
3339	5846	212
5846	3339	212
4020	3454	0
3454	4020	1
4906	9160	5
9160	4906	5
9161	4462	82
4462	9161	83
8704	7377	5
7377	8704	5
1665	5945	155
5945	1665	154
3251	6061	440
6061	3251	440
4150	9163	118
9163	4150	267
3403	8721	490
8721	3403	489
3658	5426	95
5426	3658	94
4068	508	714
508	4068	518
3679	1414	10
1414	3679	11
736	961	4
961	736	4
2330	6842	518
6842	2330	519
2046	9165	11
9165	2046	105
3057	9166	144
9166	3057	105
5893	5642	267
5642	5893	118
6304	9167	37
4826	2434	5
2434	4826	5
339	5857	5
5857	339	5
3833	3478	4
3478	3833	5
4127	3682	105
3682	4127	11
28	9169	605
9169	28	630
6281	9170	492
9170	6281	491
4132	550	267
2000	1053	98
1053	2000	105
219	5069	715
5069	219	716
2506	3989	118
3989	2506	267
6574	6499	1
6499	6574	0
978	5816	1
5816	978	0
7393	1938	105
1938	7393	98
229	2118	583
2118	229	583
1494	7103	5
7103	1494	5
4824	9174	5
9174	4824	5
8087	9175	10
9175	8087	11
719	3931	4
3931	719	4
2359	5280	118
5280	2359	105
1021	2865	105
2865	1021	118
8375	3521	267
3521	8375	98
2593	8021	267
8021	2593	87
2128	9178	427
1712	17	10
17	1712	118
9179	2172	4
2172	9179	5
9180	4883	252
4883	9180	253
9181	1122	267
1122	9181	221
1384	6841	11
6841	1384	105
8238	3729	5
3729	8238	5
1451	1450	10
1450	1451	11
6107	6176	10
6176	6107	11
119	6597	98
6597	119	10
2466	9184	98
9184	2466	10
551	2759	11
2759	551	105
8820	205	104
3683	9188	146
9188	3683	147
9189	8778	482
8778	9189	519
7141	9190	83
9190	7141	82
1815	9191	11
9191	1815	10
5491	9193	133
9193	5491	133
1152	9012	146
9012	1152	147
3870	2345	5
2345	3870	451
7348	3513	98
3513	7348	0
1507	2034	105
2034	1507	98
1414	1194	11
1194	1414	10
1995	9194	115
9194	1995	114
2768	9199	115
9199	2768	114
6245	9200	91
9200	6245	90
9201	5110	87
5110	9201	105
9202	9203	88
9203	9202	98
9204	3833	5
3833	9204	5
8296	1277	4
1277	8296	4
1437	7593	4
7593	1437	5
8301	861	5
861	8301	4
5122	9211	114
159	409	363
8560	9213	519
9213	8560	518
4908	2848	445
2848	4908	444
6692	5815	87
1080	4027	5
4027	1080	5
62	3255	105
3255	62	118
3233	873	5
873	3233	4
5219	9214	104
3937	4274	147
4274	3937	105
4745	9215	187
9215	4745	187
9216	9217	37
9218	49	11
49	9218	10
1119	8474	125
8474	1119	98
3355	1133	278
5957	361	146
361	5957	195
9220	3586	679
3586	9220	386
7486	7537	267
7537	7486	11
276	275	5
275	276	4
6588	7964	105
7964	6588	11
7915	9222	11
9222	7915	105
5130	3287	88
3287	5130	87
711	4874	4
4874	711	5
4848	1870	4
1870	4848	4
4848	8004	11
8004	4848	10
95	5438	166
5438	95	98
4349	5313	87
5313	4349	166
6858	5603	197
5603	6858	196
8545	8576	98
8576	8545	105
963	1866	262
1866	963	263
3222	2486	5
2486	3222	5
8008	3689	4
3689	8008	4
479	4393	37
8256	8758	519
8758	8256	518
9234	4385	5
4385	9234	5
8111	5690	105
5690	8111	118
361	3313	147
3313	361	166
9235	40	537
40	9235	304
3115	2502	147
2502	3115	88
6968	7021	105
7021	6968	118
2350	1737	105
1737	2350	98
9237	6461	4
6461	9237	4
8272	9238	632
3987	8315	83
8315	3987	82
1065	9234	5
9234	1065	5
7688	6633	105
6633	7688	11
3322	7353	98
7353	3322	145
8352	5910	11
5910	8352	105
9243	1122	10
1122	9243	118
2070	8611	253
8611	2070	718
4914	1318	369
4878	798	11
798	4878	10
101	4769	82
4769	101	83
1569	1653	10
1653	1569	98
7528	954	551
954	7528	550
9247	933	37
6845	9248	118
9248	6845	105
3898	6187	105
6187	3898	147
2125	2590	267
2590	2125	303
9253	5202	308
5202	9253	154
9254	8281	105
8281	9254	98
1470	9257	147
9257	1470	267
8904	7217	105
7217	8904	195
5223	735	267
735	5223	98
9259	2490	118
2490	9259	267
8149	9260	719
431	2905	458
2905	431	679
7660	878	538
878	7660	285
7466	4838	187
4838	7466	187
6366	381	10
381	6366	11
865	1623	292
6359	6832	5
6832	6359	5
2103	8321	195
8321	2103	166
9266	1839	720
1839	9266	518
8992	7664	166
7664	8992	87
438	9267	11
9267	438	146
3045	4482	11
4482	3045	10
2653	1926	98
1926	2653	267
4475	4474	517
4474	4475	105
9272	7604	5
7604	9272	4
9273	6161	105
6161	9273	195
5171	8646	118
8646	5171	105
1414	2936	4
2936	1414	4
3736	1933	4
1933	3736	5
9274	368	104
7072	8291	98
8291	7072	105
97	9269	363
8653	9276	481
9276	8653	638
34	8723	10
8723	34	118
6628	2043	82
2043	6628	83
9285	9286	481
9286	9285	482
8141	8095	518
8095	8141	636
8368	9288	37
7253	5416	5
5416	7253	4
9289	3577	5
3577	9289	5
887	4883	154
553	6079	188
1824	7982	98
7982	1824	105
4218	9294	147
9294	4218	166
6129	8634	105
8634	6129	98
9035	9295	481
9295	9035	642
8972	9087	632
9087	8972	642
8905	2259	5
2259	8905	5
5409	554	193
2773	3945	267
3945	2773	98
9300	7618	5
7618	9300	5
3397	9301	5
9301	3397	5
1581	5912	5
5912	1581	5
6902	4348	11
4348	6902	10
8168	4763	11
4763	8168	10
2113	1101	166
1101	2113	195
86	581	650
5441	6264	88
6264	5441	98
9305	7865	250
7865	9305	230
856	230	98
230	856	105
3076	6249	11
6249	3076	10
5002	56	271
56	5002	270
2406	4343	195
4343	2406	105
1075	3293	118
3293	1075	10
6437	2741	558
2133	7581	10
7581	2133	11
1613	2478	4
2478	1613	4
5682	5157	145
5157	5682	144
96	8895	5
8895	96	5
6369	9310	118
9310	6369	105
9311	1300	4
1300	9311	4
5886	7991	11
7991	5886	10
9313	9314	231
9314	9313	368
431	8839	89
8839	431	89
5059	6921	105
6921	5059	11
9317	3558	105
3558	9317	98
5728	438	267
438	5728	11
8704	3514	5
3514	8704	4
8946	1276	4
1276	8946	4
2929	9321	98
9321	2929	0
5538	493	4
493	5538	5
9322	7287	11
7287	9322	10
9324	5431	118
5431	9324	105
9327	6849	11
6849	9327	10
4679	3699	5
3699	4679	5
2693	636	5
636	2693	5
5412	1965	105
1965	5412	11
8410	9330	648
9330	8410	647
177	9331	118
9331	177	10
3247	5927	264
5927	3247	105
3599	3622	5
3622	3599	5
9334	2470	271
2470	9334	270
2089	9335	84
5289	1860	5
1860	5289	5
3020	7342	303
7342	3020	396
8770	9178	642
9178	8770	721
6226	346	450
346	6226	66
9202	3339	212
3339	9202	212
4617	5220	285
5220	4617	267
2591	9338	357
9338	2591	255
5918	9009	142
9009	5918	143
3048	8410	1
8410	3048	0
9342	8575	568
7448	7993	87
7993	7448	88
19	9344	680
9344	19	231
8189	9286	481
9286	8189	642
4385	356	5
356	4385	5
7213	9347	104
2492	9201	105
9201	2492	118
2152	7133	98
3927	7055	105
7055	3927	98
2544	4935	5
4935	2544	5
7443	8963	5
8963	7443	4
581	2056	363
1303	1304	105
1304	1303	195
1687	2152	4
2152	1687	4
5946	4477	118
4477	5946	145
5082	2304	0
2304	5082	1
3418	317	278
5864	1379	591
1210	6563	5
6563	1210	5
9353	6772	11
6772	9353	10
