2180
721	8005	20
1817	3416	25
238	8006	611
3778	1572	25
3778	10	25
5299	5694	628
1934	8007	17
2191	4833	25
638	948	165
1412	1070	50
1633	8008	112
543	8010	25
8012	8011	628
441	7600	25
42	2044	20
6892	1822	74
364	893	60
6589	1987	38
521	314	137
521	5106	137
576	7009	453
3550	6583	25
1193	5250	73
565	5669	76
5063	3332	131
811	3332	20
925	8018	235
1522	8019	7
122	8020	25
1008	750	43
1534	6388	25
201	8022	27
589	2153	25
811	2531	20
2808	5177	33
3657	5893	25
5945	1707	50
2359	3223	50
6049	1005	165
162	7196	27
168	7110	15
8026	1559	631
1704	5120	131
4181	28	261
8030	5984	294
552	648	165
3013	1384	165
879	8032	27
3055	8033	33
1113	3403	20
8035	8034	15
6073	4078	44
430	1856	20
107	1065	27
8012	1561	520
54	5202	40
2128	8038	635
875	1162	76
7172	553	453
1511	4291	60
1511	5617	137
8042	7489	520
925	8043	7
1187	7971	73
5508	5882	50
491	8047	137
195	4404	17
2328	4282	33
1522	8049	7
7	8056	235
7	8057	235
68	6492	76
3051	7594	81
757	7812	27
532	8059	73
550	771	50
918	7588	20
6689	8061	242
724	3444	20
3613	3748	261
6487	7722	38
1317	8062	191
1317	8063	191
4105	7243	25
3873	2132	7
2	2436	73
441	882	20
1716	5766	43
2568	1990	245
3212	8065	20
2762	2935	20
642	4124	73
4224	8066	20
2	7982	73
689	8067	43
352	1872	76
284	8069	20
1379	3437	408
616	5241	165
2164	8070	43
7843	5324	7
1135	4507	27
1904	5062	59
3167	7194	50
724	669	20
105	4260	69
1751	916	20
581	337	59
2927	363	131
1724	8079	2
2967	8080	60
3200	8081	73
244	2252	112
3719	4069	20
6751	548	165
54	8083	40
1449	8084	76
8085	4752	165
1370	2917	15
1008	6726	43
8086	152	38
1506	8087	178
1506	2420	178
5410	8088	27
125	8089	165
278	409	59
4689	4253	2
312	5766	43
107	5438	27
97	1279	201
925	8090	235
1522	8091	235
1522	8092	7
2220	1971	43
1897	8093	242
1102	8094	15
450	1469	25
954	1862	2
5125	3798	20
4234	166	50
535	8097	25
2359	7455	56
1883	8099	53
3013	3711	20
76	1918	54
894	1597	69
4855	8100	33
755	8101	15
1412	4838	50
2	8102	31
8026	8103	631
2231	8104	20
1832	7255	124
1083	7977	19
4393	8108	38
2875	2606	20
8011	8109	294
1379	7635	156
244	8112	112
418	5888	20
107	223	27
4784	1576	59
962	3823	17
1861	3584	35
8116	7274	31
1511	6922	201
244	1443	112
739	7486	2
1706	8120	191
8121	6324	453
1045	8122	27
2	7525	2
8123	8124	76
450	2153	25
3773	8125	38
1412	3775	50
599	1430	15
1463	1733	33
743	3603	217
4169	1066	92
8132	1790	131
8133	6311	131
1174	8135	165
208	4684	40
208	6056	40
755	8136	161
552	8137	20
2	2419	73
459	8139	43
1187	2610	73
7568	8142	15
3013	7868	20
4829	6932	504
1805	4407	2
1473	1460	27
97	6033	201
4470	8144	38
3182	805	165
694	3707	20
8042	1561	520
54	8147	40
8149	8148	141
7	8150	235
8152	8151	33
1511	6742	137
839	28	122
5342	4141	198
1633	7837	112
159	8153	60
8157	8156	20
7	8158	235
7	6399	235
7	2495	7
843	6272	27
521	3839	60
743	3240	217
7996	8160	33
3590	8161	165
4877	2046	165
1187	7270	2
2191	8163	25
1659	7709	69
1193	3683	2
8165	8164	35
4526	1102	122
2078	438	20
8166	8167	15
2875	6889	25
642	1753	73
6882	2767	15
122	5361	25
689	8169	43
954	3753	514
5259	553	7
1283	8171	2
2898	1171	20
2806	2296	165
298	8174	15
1329	4771	465
910	1510	248
7843	6606	7
7843	5751	7
312	3194	43
1283	7194	2
459	5294	43
403	7882	131
3483	5317	165
4105	8176	20
8177	8178	131
2548	5558	59
208	714	40
448	2251	73
4261	8179	15
1921	8180	319
8181	2346	332
3995	8182	514
2878	8183	44
2	8184	2
5343	3122	17
375	8185	27
12	1995	12
7503	8186	15
2149	8187	268
8188	927	33
7106	5901	20
539	4931	56
391	6451	25
391	2702	76
2128	8189	635
6953	8190	453
260	5207	33
312	7455	43
107	7740	27
107	152	27
2289	5116	20
28	4220	15
97	7506	60
925	8191	7
1476	2815	20
1522	2539	235
1522	6873	235
1522	8192	235
1522	4605	7
1408	8194	191
114	1756	73
3106	7418	319
8195	1565	20
1370	6046	38
1370	3797	152
1883	7919	15
4741	8201	72
954	8204	15
1412	7548	50
1148	8206	25
2049	241	25
244	6411	112
459	4828	43
525	6259	20
3420	8209	7
190	4761	54
1219	4542	25
1496	1746	514
3921	8212	15
260	3752	33
244	4890	112
244	221	112
6602	8213	38
201	4933	27
6319	8214	165
208	6735	40
7	8215	235
1045	2944	27
159	2433	59
4002	5640	56
97	3581	60
8216	756	33
2849	2112	17
1886	1971	56
471	4041	19
2817	6319	109
2187	8219	35
144	6123	25
208	8224	40
586	1602	69
4338	8227	165
430	4709	20
1187	8229	73
1399	8230	15
28	8231	15
6328	469	50
2341	5645	69
4421	2301	152
746	8213	59
3182	4528	165
6153	8234	25
458	4159	50
142	8235	289
1594	4019	69
54	897	40
368	7714	38
3015	7783	289
518	4396	33
7172	8239	7
552	3458	20
1283	5274	73
4866	8240	15
23	952	208
190	4319	99
743	3897	217
1001	6241	208
8241	2273	520
612	398	20
1373	6990	92
5088	8243	141
4877	5904	76
3418	1518	261
208	7650	40
2898	2490	25
1111	1888	20
4166	1804	64
3156	711	20
3212	5642	165
112	60	44
3248	3511	165
28	8247	15
305	8248	165
2812	3586	261
7843	8252	7
585	8253	35
3757	8258	131
6265	3446	27
2128	4693	7
2076	8262	25
987	5124	73
114	4472	73
6012	6731	33
7083	6114	15
5046	8263	35
6955	2077	17
646	6095	27
2220	5313	43
8265	1588	7
576	8266	7
68	438	20
7638	1924	73
7249	8268	20
6549	6550	25
6955	1966	17
933	3264	38
3067	7860	2
2993	409	20
2341	3983	69
689	860	43
757	8274	27
2128	8275	7
5938	8276	69
3853	8277	17
6953	3849	7
6294	4751	165
244	594	112
391	8279	20
28	2722	161
28	8280	15
28	941	611
925	6182	235
925	4113	235
2512	4207	60
1522	8284	235
2691	8285	514
54	8286	40
450	8287	76
4780	3588	64
8288	8114	76
550	8289	50
1260	8290	43
4105	7100	20
586	8292	69
28	1370	514
2148	6986	25
4464	6766	81
3701	1926	76
869	1653	20
453	1299	31
2128	8302	7
1522	8303	7
448	4745	73
6589	516	38
743	8304	217
1889	812	131
195	2789	17
42	8306	25
8307	2539	235
430	6121	25
107	8308	27
162	8309	27
5526	8310	165
1817	2230	165
4825	3737	81
8311	7981	165
537	536	165
401	2483	161
1409	2826	2
1008	5210	43
156	4315	20
8314	8315	33
1409	1642	73
925	8316	235
3140	1567	76
2359	2360	50
461	1472	20
989	2607	44
480	8322	25
208	6649	40
208	8323	40
5489	512	219
8026	3164	520
8324	3171	131
1704	7398	131
4105	3155	25
439	3721	43
587	1685	59
3741	203	181
1688	5940	27
28	4421	15
54	5215	40
461	5741	20
54	6235	40
54	8326	40
231	6095	33
875	2509	20
7172	2132	7
552	8025	20
689	5934	43
457	8330	38
7	8331	661
7	8332	235
181	2344	44
4140	41	35
762	1653	20
1245	2966	50
317	8333	139
532	8337	73
122	7138	25
4619	789	165
7437	4752	33
1982	5206	131
589	3359	165
936	8346	25
954	8350	514
954	8351	15
1917	8353	20
284	6828	25
448	1197	2
1633	1270	112
1379	4861	408
2548	3984	59
539	8357	50
299	8358	38
2338	531	131
626	5140	15
3624	3242	27
5072	8021	20
959	8359	43
7083	7372	15
1379	1632	408
2794	5845	73
529	2810	20
726	3610	73
3116	3265	76
2201	5873	2
2438	6507	165
1544	4402	27
2128	8363	235
7	8363	7
814	6836	25
8364	7528	400
1412	8366	56
3626	7205	33
3420	8271	469
498	6430	99
1812	8084	152
2592	3355	245
3355	2592	465
3655	7571	76
1008	10	43
4436	4439	17
61	4098	25
2	7470	73
3504	3175	122
2128	8372	235
5895	784	431
97	337	59
1580	8375	73
8376	4369	73
1522	8377	235
1522	8378	235
1522	8379	7
2453	2691	15
929	1141	33
1087	8381	35
5507	7818	33
539	8382	56
8383	3106	69
3106	8384	319
8157	8386	20
69	8388	50
7763	4741	208
238	8393	611
68	1926	76
5874	7339	76
726	1356	73
535	8397	76
8398	8399	38
1361	4583	20
54	8401	40
453	8402	73
879	651	27
208	947	40
364	1881	201
4039	3707	38
743	8403	217
6079	7009	453
2049	4378	165
1409	8404	2
1409	5085	73
298	2579	15
739	6338	2
638	8407	25
1522	8408	235
1083	8409	19
3116	789	20
996	3496	76
159	3798	60
8412	6501	27
162	8413	27
1566	5776	20
222	3975	76
208	8419	40
2630	2756	131
421	7657	73
8026	5694	520
8026	8420	520
8026	8421	7
439	8422	43
879	2195	27
879	8423	27
879	7041	27
8425	8424	38
6645	8426	64
3391	3649	134
401	1325	161
2128	8427	235
3164	5968	294
54	8428	40
455	766	378
3015	1951	289
1800	563	43
3770	3913	73
8431	8432	17
581	3498	201
707	1000	165
6079	6361	7
5342	5231	198
762	5926	20
1001	8435	19
8241	8420	628
54	3967	40
827	8230	232
3116	3033	165
705	8437	54
4779	1733	242
8438	6807	400
4021	8439	27
726	2490	73
550	4285	50
646	275	27
1449	4704	20
1651	8440	50
3902	7598	7
364	7617	60
7	8443	7
2128	8444	235
1534	3880	20
4198	8445	413
208	1671	40
2616	1152	76
8121	8446	7
946	8447	15
724	7623	20
5060	3804	12
477	2258	180
576	5898	7
1522	8452	7
8453	8454	20
8455	395	27
4169	1995	92
8456	2694	20
1476	919	20
1661	7537	165
3248	281	165
3251	8458	514
875	8459	20
107	2299	27
368	5928	151
28	8460	15
925	8461	7
925	8462	7
925	8463	7
28	2256	15
1522	8464	235
746	7449	59
2062	94	60
6630	8465	186
450	2103	165
1234	3788	201
8466	8467	56
2806	2050	165
1317	8468	191
4877	4388	25
8470	2067	81
28	8471	15
869	5468	20
1689	7486	76
726	3790	73
4988	8474	44
969	8476	161
3116	545	76
1257	497	64
4839	8478	60
162	967	27
869	8479	165
5526	8480	25
1522	8233	7
58	5161	43
244	8481	112
2873	2384	15
98	5107	59
54	8484	40
8485	7797	15
2062	7006	59
1096	3875	165
1096	6123	76
27	8486	25
1283	3906	73
1473	5237	27
97	2992	60
5938	4600	69
1317	4611	191
208	8487	40
1086	1602	268
141	6341	25
2	4434	2
2	511	73
4825	6512	81
6512	4825	81
5979	8489	186
3193	7399	25
362	4050	27
461	10	25
54	3096	40
3015	8493	289
3640	1872	25
1511	5863	137
565	7639	76
54	5048	40
1506	6090	178
7	8496	235
7	8497	7
190	8499	99
1661	8500	20
3248	1890	20
208	8162	40
8502	8501	20
2049	5864	20
401	6071	161
2339	6737	20
201	8504	27
345	3355	245
3355	345	465
745	7598	7
925	8506	235
260	7295	33
699	2235	33
3628	1006	35
430	8508	165
5415	8509	152
1193	8356	73
4137	8510	76
521	6316	201
1522	8511	235
8513	8512	331
626	3340	15
2898	2190	25
2119	8515	69
1409	3214	2
4328	1329	245
1329	4328	465
5004	8516	38
75	8518	15
362	8068	27
362	6506	27
6589	8521	38
8265	8522	7
612	8523	20
244	5688	112
3527	5493	165
39	5153	2
1215	3547	276
1008	8526	43
391	5309	25
2128	6942	235
3613	3463	261
6437	5218	7
2359	4775	56
107	7791	27
305	8527	25
368	5067	38
28	4909	620
439	8528	43
925	8529	235
925	8530	235
925	8531	7
925	8532	7
4877	334	165
8012	8533	631
54	550	40
1522	8534	235
1522	8535	235
1522	795	7
208	7449	40
2898	2386	25
12	1066	12
586	4240	69
3873	7598	453
3361	1334	20
311	1861	64
1096	6986	25
69	155	50
682	2120	465
833	5736	27
3504	6114	122
186	8541	25
525	2281	20
2925	1575	413
646	8183	27
1889	7096	131
4855	5980	81
162	8546	27
162	6400	27
676	8547	19
3680	8549	38
1937	1894	44
565	2435	20
7	8551	7
1188	2010	20
8552	931	165
122	7143	165
975	1448	25
1001	8554	19
4562	8555	139
159	1581	60
689	5640	43
7	8557	235
1096	8558	20
2371	2004	33
764	6341	50
1170	8561	27
5063	6868	131
8564	1717	56
159	2693	201
222	1208	76
430	1208	76
772	4264	27
97	8565	60
7132	4249	35
6134	5722	20
439	1783	43
28	4275	161
7	8567	235
521	1110	201
244	6692	112
550	8234	50
903	1994	261
8569	6278	15
8570	3672	20
7341	4247	38
552	8306	25
550	7381	56
1399	8154	161
2355	7782	360
5499	8571	15
7	8019	235
7	8572	235
4009	7672	465
2566	8573	191
8574	6928	20
8575	8555	7
208	4935	40
4441	3155	25
4803	4107	73
7749	8576	43
6212	5373	7
525	7948	165
2312	1010	69
116	6022	64
916	8579	50
1669	8580	33
5197	2469	81
589	8581	20
42	5486	25
583	8582	27
5394	708	165
642	860	2
688	1537	19
4987	8585	64
997	6623	27
3355	939	261
7	2507	235
1044	1758	20
4526	6051	465
459	7285	43
879	8592	27
5314	2837	73
130	2272	43
3921	8594	15
4806	3773	210
6047	5699	92
529	115	25
2821	2077	20
7	8596	7
407	5709	25
8598	8597	38
3401	5441	76
576	7162	453
576	3872	7
917	493	165
814	1504	76
68	8599	20
68	5728	76
975	5447	25
1934	927	17
244	8600	112
1594	6870	69
3621	4845	165
3754	8602	15
1476	2824	20
1659	3983	69
2128	4919	7
6953	2132	453
726	2757	73
1928	5076	35
8603	2058	17
8605	8604	15
368	2502	152
2128	6142	7
1675	2697	27
1522	8607	235
1522	8608	235
8610	8609	33
158	1973	12
4834	4835	15
2312	6386	69
4234	703	50
917	7569	76
448	3412	73
277	111	59
3627	7709	69
8012	8098	520
529	7211	76
159	3206	60
2128	1816	7
2956	4635	25
5299	8103	631
2231	5994	25
1689	1810	25
317	5452	246
4226	297	35
162	766	27
925	8620	7
122	5852	20
1198	1271	152
739	4245	73
925	8622	235
996	2217	25
872	7973	17
2836	6961	15
4169	2620	92
54	8624	40
5508	8625	50
208	5469	40
208	1639	40
2324	6867	165
28	8626	15
8628	8627	25
8632	8633	20
35	8634	27
162	773	27
3621	8242	20
8635	2467	76
8636	7971	73
196	563	25
8637	4798	25
811	2401	165
7	8639	235
955	4684	74
762	6985	20
350	8135	33
5029	1744	33
4989	8565	33
532	4928	73
1511	5226	137
238	8640	15
8641	4026	15
6079	8642	7
1919	8644	76
5099	6123	178
925	8243	7
7290	8646	173
918	2697	20
887	3748	12
6487	2953	2
1193	4416	2
925	8648	235
936	1100	25
2362	8649	15
1076	8451	266
1148	2108	20
4774	3085	131
1633	5806	112
1059	301	124
646	2412	27
2371	5380	33
521	8656	137
743	894	217
39	6160	2
56	2782	69
724	2055	20
3212	7507	76
726	1095	73
1522	8658	7
6689	4420	242
132	8659	33
8660	443	50
1329	4505	465
68	7054	25
12	7255	12
244	7612	112
2999	555	25
2025	8666	27
364	3362	59
1219	8668	20
1045	7588	27
875	8669	20
726	8670	73
1008	2394	43
3306	4129	33
208	3433	40
122	5431	25
28	368	514
28	2835	514
28	8675	15
97	7960	60
4806	1475	210
1675	415	27
550	1941	50
58	1251	43
1522	8678	7
450	2053	76
1408	5765	191
5252	1501	60
4234	2427	50
3106	2893	35
925	8680	235
2476	5347	165
2582	3442	25
1370	2686	152
2128	8682	7
1311	2724	69
1522	8684	7
7	8685	7
8686	6797	131
2094	8687	72
8689	4735	44
8042	3398	631
751	8008	44
5325	8694	523
7156	321	20
2305	8268	38
151	1850	33
2111	7203	347
8696	4341	35
782	6053	25
2128	7283	7
7426	8697	7
1008	6560	43
3629	8698	35
925	6612	7
7	8699	235
8700	48	35
1187	852	73
5979	8701	186
3119	7215	69
5945	1053	56
2570	2285	60
1188	2567	20
3548	2571	38
1174	8705	165
6752	8706	44
159	2859	60
54	8707	40
1704	170	131
2	8708	73
439	8709	43
368	1481	38
1522	8711	235
1617	6351	74
54	8713	40
54	3524	40
362	8714	27
552	8661	20
8715	8716	161
745	6324	453
565	4796	76
8575	8051	7
7	7017	235
925	8717	7
58	4598	43
58	6449	43
2805	8480	76
1688	3808	27
2871	8719	25
1317	8720	191
2898	4233	25
916	6669	50
2611	6249	73
8724	6330	152
8726	8725	15
689	7982	43
7551	7827	602
827	8728	232
2559	6455	20
2402	4191	131
1287	1894	33
925	8731	235
5063	7960	131
8732	1560	294
2461	2004	373
1032	1186	2
925	8596	7
8733	2930	81
498	6022	99
150	8734	33
3052	8737	35
6155	47	19
1415	1775	73
565	1007	76
2636	2826	73
8739	8740	20
8742	8741	520
312	4939	43
28	3877	15
925	8434	235
925	7033	7
3141	814	347
2691	8437	15
408	4284	165
7	3117	235
539	4513	50
525	8745	20
936	1927	165
1083	8747	19
7166	7605	245
448	4828	73
28	3921	611
4270	652	44
2	8402	73
364	3206	201
3418	4761	261
2407	223	20
162	275	27
162	1200	27
7642	720	35
8750	6111	73
244	3599	112
225	2369	76
122	557	76
8752	8753	453
797	4469	165
925	8754	235
1193	4281	73
916	3802	56
2512	1545	60
550	206	50
1283	8757	2
7	8758	235
1188	2522	165
8760	4811	73
1209	8761	20
8766	1456	73
54	6307	40
107	6072	27
4436	8767	17
1421	5725	25
7199	5305	44
3418	3276	438
7	8768	661
7	8769	235
7	5089	235
7	8770	235
439	8576	43
8775	8776	20
6705	8777	35
459	3539	43
391	7269	165
375	5638	27
441	8782	20
1193	3898	2
2835	8783	15
8438	2299	400
3104	8784	20
364	8100	60
7	8787	235
1059	1400	328
7	8788	7
4568	5612	60
8789	8183	35
8790	8791	74
427	1122	165
208	5633	40
61	8792	25
959	349	43
724	7705	20
2575	1406	35
3655	6035	20
2488	8794	25
1389	4412	33
7	8798	235
3864	3514	35
1942	363	33
97	4371	60
2548	8800	59
8455	6861	27
925	8092	235
28	8801	15
589	555	25
2476	5329	165
5734	8802	15
2128	8378	235
2	8803	31
552	339	165
895	8805	35
764	460	50
2128	8807	235
2128	7308	235
2128	8808	7
107	1867	27
54	8809	40
28	8810	53
28	6937	53
925	8812	235
7	7379	235
1111	8814	20
2582	4894	20
539	2051	50
6212	8815	7
8466	8816	56
107	3830	27
8819	2374	35
97	6510	137
5069	5626	54
7140	8821	27
3993	5375	7
2884	4584	43
525	5554	165
694	7008	20
1566	1911	20
30	7837	35
219	627	107
54	6589	40
642	4216	73
453	8826	73
684	5013	165
244	8017	112
54	2685	40
4393	4776	38
638	258	25
7996	3450	81
1018	5447	25
186	6588	25
6079	6324	453
391	7116	165
1802	4109	31
3657	1976	20
1026	6576	20
1283	8830	73
58	1887	43
7083	3352	15
2793	8831	38
2980	8832	15
581	8624	137
1317	8833	191
2805	8834	20
54	8835	40
3486	6863	44
28	2785	514
855	2593	25
626	579	15
1800	1172	43
401	8839	161
35	8840	27
925	8039	235
552	1672	20
1904	8842	60
5721	1762	33
1143	8153	44
3013	6239	20
767	3084	131
7	8534	235
7	8844	7
2062	2344	60
86	5014	60
560	1959	27
7	8845	7
2636	6715	73
58	2419	43
1032	8848	161
916	2419	56
461	3310	76
5346	8850	2
4526	400	122
407	6327	76
6426	2199	248
7	3703	7
2165	8851	20
165	8852	376
1379	8853	289
28	4612	53
8854	4470	514
298	8855	15
987	443	73
8790	8856	74
19	2302	15
8859	8858	35
626	8860	15
300	5408	15
8121	8861	7
3193	4082	165
2461	3756	373
3504	4231	122
8412	5151	27
2932	6387	15
7	8864	7
2128	8866	235
2410	4582	38
2875	8867	25
7665	7953	400
1688	8868	27
1008	2842	43
2630	4129	131
2128	8869	235
2128	8870	235
2128	7725	235
724	8389	165
1083	8871	19
5259	3849	453
97	5107	59
1675	1352	27
1522	8873	7
8875	6813	33
991	7701	54
2762	4321	165
4835	5619	38
97	3180	60
450	8505	25
450	1456	25
2159	138	134
1522	8879	235
642	2064	73
97	2026	59
167	3352	92
676	3113	19
1361	1687	20
431	8830	2
1409	4205	73
122	2704	25
162	6254	27
8881	8882	15
7	4375	7
3378	2284	334
2128	8884	235
222	2908	76
159	8885	59
2	2946	73
190	1087	99
2907	2944	60
688	3903	19
992	1755	38
3541	1513	20
277	3088	59
6605	8489	7
303	2380	20
3164	8888	294
6012	210	33
54	5640	40
1832	1952	124
745	7058	453
855	8545	165
2090	8890	514
1716	6801	43
23	8180	19
477	4647	180
8892	8891	161
8241	8893	7
4877	8071	76
8012	8894	628
705	8728	54
1473	4371	27
3586	8896	161
286	1171	165
6829	8897	44
1187	6580	73
726	2988	73
5259	3353	453
1217	6203	76
286	1406	165
444	1978	20
8900	4006	33
724	7943	165
8902	8901	50
767	4604	131
122	5930	76
6793	8366	2
6045	2133	56
7847	3763	165
1549	7882	165
1906	5414	165
1476	826	165
391	5154	25
2	3932	73
2128	2495	7
7615	4910	56
368	2625	38
28	3835	15
97	6521	59
1175	8908	208
1522	8909	235
7701	4667	38
539	6260	50
2	1371	73
993	4844	20
6236	3837	165
3873	8239	453
3873	5470	453
5357	2112	44
244	8008	112
925	8748	235
3874	7377	17
364	4755	59
162	8248	27
162	7161	27
6387	8913	15
1688	8914	27
1187	798	73
122	874	25
5394	2085	165
8915	1921	19
201	8916	27
3116	8919	20
61	4407	25
642	7772	73
159	3234	59
2	1007	2
448	6290	2
277	5399	201
4181	4317	465
8923	8454	38
364	520	137
439	313	43
689	3821	43
6607	6608	15
5479	81	44
993	3007	20
782	2641	20
35	5729	27
2514	1456	43
54	7709	40
3795	3300	76
1618	8924	74
5505	5662	56
7	8925	235
843	4613	27
2220	7784	43
2220	6579	43
8928	238	54
1919	7138	25
8929	1256	38
5100	3937	165
2128	6498	235
8930	3408	35
2898	4008	20
916	1371	50
682	904	465
8575	8931	523
4028	8932	469
8933	3986	127
1361	6770	20
583	5702	27
336	826	27
8265	7598	453
6900	3762	33
112	8934	44
689	8935	43
2234	4168	76
68	8936	76
3634	3132	20
219	3147	107
5335	2795	25
4771	8893	139
3248	1426	20
1511	2327	137
97	8943	60
2128	8945	235
459	4688	43
208	3167	40
8951	5002	35
8952	1407	15
1164	8953	44
190	8954	99
2409	5374	523
375	630	27
2390	8956	173
532	6836	73
2128	3219	7
2128	3515	7
3902	8958	7
1283	8959	73
1333	1278	20
97	1005	60
4913	8960	44
925	8331	635
1522	8961	235
1522	4919	7
244	4749	112
925	3117	7
4234	3610	56
1897	3845	242
535	2394	76
480	3281	25
929	1558	33
3550	5474	25
5345	663	296
5259	3872	7
7	8966	7
364	2433	59
8241	8922	628
901	1492	25
7	8967	235
1522	6851	235
3907	6749	131
7477	7166	465
7	8970	235
1283	6560	73
5700	1377	165
97	4402	59
1675	1733	27
1044	8719	25
8974	956	206
1980	5255	186
222	5496	25
208	4479	40
1409	4213	73
4832	5139	20
2404	3058	44
461	8976	20
529	120	76
54	8978	40
54	8979	40
54	8980	40
54	3129	40
3267	2834	69
586	2724	69
1522	8982	235
925	7308	235
4441	8983	76
1001	8984	19
118	6470	74
3170	3937	20
916	8986	50
360	884	33
1522	8987	7
1001	6050	19
208	8989	40
954	8990	53
3504	7167	438
6843	4426	38
8991	8992	173
86	2549	60
7156	8993	20
8994	8995	628
5268	7295	131
2411	8996	69
1083	2471	19
1032	8998	514
362	6673	27
3212	8999	25
9001	9000	165
6953	9002	453
1373	5626	92
2	6023	2
1008	2467	43
391	994	20
28	5466	15
881	5914	33
1049	5019	72
1522	9005	235
9006	8093	15
3479	4273	20
801	5888	20
552	5888	20
535	7371	165
7	9007	7
1310	9008	27
1310	6762	27
1473	8203	27
6743	884	131
320	3132	33
244	7008	112
8241	9010	628
9011	9012	44
162	9013	27
162	9014	27
3137	1426	35
122	79	25
4562	8200	2
196	8872	25
9016	3314	25
5945	2654	56
244	9017	112
3015	6007	289
2	2998	2
439	9019	43
5268	4471	131
214	1684	27
461	5897	25
54	9022	40
54	9023	40
7	2383	235
162	8140	27
107	8227	27
1467	4009	245
3015	1227	289
132	1890	33
1148	1332	20
1566	9027	20
2231	1794	20
2070	5997	514
300	954	134
59	9030	44
1379	4706	289
9031	4099	35
107	3311	27
521	1279	60
3015	9034	85
2371	519	33
201	7850	27
132	1501	33
2322	4397	15
1379	6978	289
954	9039	2
9040	6770	706
1008	8440	43
105	8882	69
5046	9042	35
28	5367	15
28	9043	15
925	9045	235
1522	9046	235
97	9047	59
1781	2699	20
9049	4817	20
4169	7472	92
851	8008	20
7426	9050	469
1310	826	27
6382	2939	20
552	1976	20
816	1220	73
7	9057	235
244	6906	112
5301	9058	20
917	8131	20
9060	9059	27
28	4041	15
2128	9062	235
1283	3447	2
208	4848	40
4181	3232	261
450	5309	76
1538	9068	38
7026	3875	580
5590	4409	73
954	9072	15
54	9073	40
5060	6458	12
305	6332	25
3236	2435	27
3418	3779	261
7	4237	7
7	9078	7
7	9079	7
762	5491	20
1892	719	20
5564	9080	38
9082	9081	33
532	1033	73
2220	3199	43
205	9084	15
2898	3958	165
4771	4526	245
746	7260	59
642	9086	31
9089	1545	33
58	4781	43
1219	1162	76
1534	2963	76
2128	8788	235
1008	6345	43
242	4618	165
8994	6896	631
6340	3780	25
724	8102	76
1187	6977	73
4126	2751	25
996	3838	25
1534	2223	25
8265	7811	7
1219	5130	25
7736	9096	25
39	7891	2
42	7486	25
432	71	465
925	9098	235
925	6397	7
132	1393	33
98	3082	59
6049	2982	20
1247	4266	44
9100	264	99
3382	9101	69
4261	9102	15
441	6062	25
7426	6562	7
9103	2082	73
4137	1226	25
5605	4388	76
3504	1364	261
7	9104	7
1919	5614	25
525	6722	20
1083	9105	19
8121	9106	453
2884	1619	43
1625	6112	38
9108	9107	38
1574	9110	17
244	7329	112
1018	3437	20
1522	9112	7
8265	9114	453
583	931	27
1044	932	76
1283	557	2
1188	9115	165
195	8544	17
208	932	40
9117	7523	186
7908	3652	33
865	5900	19
352	3139	76
4380	2167	20
2611	120	73
3858	9119	165
925	3782	7
2438	9121	25
6969	7433	27
56	8410	2
4866	2634	15
7	5451	7
4449	1131	19
565	1665	165
1919	8988	25
1594	4260	69
1317	9126	191
110	9127	72
1781	7637	165
9128	5206	33
68	5839	20
583	9129	27
954	7019	2
954	9130	2
8133	2499	131
4125	9132	44
6094	7393	25
3355	238	261
7156	7154	165
566	2243	165
745	8074	7
1044	2215	165
840	9135	15
1008	6849	43
2275	1349	19
3391	344	134
9136	1995	54
3200	1186	73
3192	9139	44
1008	9140	43
2128	6177	235
2128	8044	235
391	9143	20
1947	3689	33
312	4305	43
9144	1068	74
2542	9146	15
2919	7997	165
4028	9148	7
107	7358	27
2620	9149	161
222	3222	20
2159	9151	134
6532	6171	25
936	6706	76
340	9152	81
4393	1915	38
881	799	81
4381	4373	20
9153	7955	246
2128	9154	235
642	3601	73
565	9155	165
7172	7162	453
3768	6521	165
7	9156	235
98	3206	201
1838	7587	453
1612	7229	31
642	5074	2
9157	7486	73
2919	2267	76
879	9158	27
439	434	43
8566	7915	276
9159	3014	165
2312	7206	69
987	9162	73
1511	2271	201
869	290	25
7	7446	235
7	8043	7
762	3005	165
1892	5190	165
3297	6372	25
3739	2071	17
1735	3013	317
3205	7260	60
2029	2835	54
9164	2901	17
1361	4042	165
3634	5855	20
1379	1171	156
8632	7800	20
863	5611	127
7156	1181	20
925	8379	7
676	2119	337
491	1341	60
362	6502	27
9167	6304	38
9168	2334	20
2110	7173	20
6184	749	20
430	3697	165
550	4132	50
242	2751	25
1522	9171	7
1234	7498	137
814	6245	76
2191	6651	25
2332	8312	15
54	9173	40
4376	8102	25
2996	4340	56
7166	3613	245
244	6183	112
244	7656	112
455	3798	378
2636	9176	73
4825	4304	33
350	9177	81
362	6530	27
3420	9182	7
3997	487	60
9183	888	378
6319	194	20
28	9185	15
2220	9186	43
2128	9187	7
126	7119	69
3628	221	35
205	8820	38
2762	8135	165
28	9192	53
54	1668	40
2119	2086	69
459	6542	43
450	1939	20
68	4543	20
984	9195	64
1991	4762	69
1135	9196	27
450	8020	25
2458	9197	43
6212	5218	7
8752	8861	453
550	1970	50
550	9198	56
1522	6227	235
2	3151	2
33	7211	25
244	5512	112
2187	9205	35
1047	596	465
8752	8239	7
1522	9206	7
5069	2363	511
552	9207	25
881	1696	33
9208	2776	20
186	6685	25
840	9209	15
7	9210	7
186	1957	25
3550	3698	25
1598	9212	69
3640	2795	25
2443	1812	261
54	8746	40
875	7068	25
6153	5882	76
328	7001	33
646	7882	27
532	2757	73
9214	5219	38
566	4284	165
9217	9216	38
925	3928	661
244	9219	112
1218	789	44
872	6146	17
2512	7960	201
583	4076	27
745	9002	7
1223	5239	17
2636	6569	73
4666	9221	20
707	802	20
54	9223	40
2011	7558	43
9225	9224	165
9226	9227	15
925	9228	235
9229	4564	431
1522	9230	235
1522	9231	235
2919	7991	25
1940	7993	29
7258	5530	181
9232	774	20
4234	7852	50
1083	7932	19
1310	1933	27
3248	2177	20
141	1226	25
1219	4308	76
2403	5016	20
3693	1911	33
4393	479	38
9233	4871	165
2582	7019	25
7	9236	7
3116	2232	20
3106	2213	35
8994	8421	7
2	8623	73
430	8445	165
2919	3927	76
54	8174	40
54	9239	40
917	605	25
7	9240	7
4790	7241	33
1892	4800	20
58	3889	43
925	9241	235
787	1579	178
3655	789	20
118	8874	74
872	249	17
5259	2132	453
3504	515	261
2170	789	20
724	7097	20
298	9242	15
1318	4914	15
9244	4581	131
2359	8792	56
2159	5061	134
9245	3431	2
300	1134	15
933	9247	38
4523	6950	431
2128	8534	235
2128	9249	235
2790	4462	165
9250	6758	31
1675	3230	27
28	9251	15
28	2836	15
925	9252	7
6212	9255	7
9256	2408	523
1689	4308	25
8466	1356	50
1083	9258	19
881	5461	33
565	5296	76
222	9261	165
2	1572	2
1026	9262	20
1283	3686	73
1522	9263	235
8026	7523	7
439	2624	43
3125	7272	15
2141	7143	27
9264	9265	73
5125	4850	165
1193	6156	73
1760	3979	20
2528	5673	20
543	3553	20
762	9268	25
4137	3496	76
7	7090	235
521	9269	59
959	9270	43
797	9271	25
2482	3505	35
1802	1527	31
1800	1925	43
1379	2252	289
368	9274	38
1718	1881	60
925	9275	7
925	924	7
375	8676	27
269	1066	122
646	7439	27
7	2840	7
42	906	165
1379	2142	408
1919	8244	76
8742	9277	628
518	9278	33
156	1070	25
3138	9279	73
1044	8792	25
1193	5937	73
159	3652	201
9157	9281	73
552	8762	165
8241	7523	520
9282	268	25
1992	9283	35
2	9284	2
35	9287	27
1511	2549	201
9288	8368	38
453	690	73
581	1744	137
208	7601	40
201	8501	27
7580	9290	15
6155	9291	19
3504	2674	122
107	1899	27
1361	8210	165
565	2490	25
2289	9292	165
894	9293	69
1217	5491	20
3167	7038	56
8288	9296	76
107	9123	27
554	5409	635
535	7256	165
8456	9297	20
637	7115	44
107	9298	27
550	4031	50
1838	9299	7
450	6664	76
1549	5520	20
705	8690	54
2	3654	73
162	3230	27
8311	548	20
4917	7312	33
144	6560	25
54	5770	40
6953	8266	7
1625	9116	152
439	9302	43
162	8549	27
453	2018	31
391	5728	76
35	9303	27
1522	3782	235
1001	2613	19
5762	9304	73
2879	7354	76
107	6788	27
843	8723	27
7	8255	235
19	9306	15
9308	9307	33
1781	6674	165
1688	9309	27
2128	6741	7
360	4479	33
1193	874	73
743	741	217
1522	2840	7
8012	9312	520
3936	1150	20
1832	146	124
583	1664	27
916	7146	56
5675	9315	56
565	8145	165
244	9018	112
1198	7968	15
7233	6267	33
162	9316	27
2	2887	2
879	4271	27
54	6840	40
2128	8150	235
954	9318	514
3418	3417	261
9319	398	20
5069	5620	511
691	9204	44
583	9320	27
7	8444	7
5745	1656	19
543	2900	25
7763	4260	19
441	8073	165
684	5670	25
3420	9323	469
3017	8501	20
7	9325	235
107	7025	27
3251	9326	514
3582	2628	131
3106	9328	319
3873	6078	453
9329	8539	76
901	8163	25
5111	920	27
6691	5888	27
5559	8646	50
4169	9332	92
1187	5831	73
568	9333	27
2	7691	2
8012	4053	7
1960	3679	85
6679	6440	73
1164	4876	44
68	3266	20
68	460	25
312	1251	43
925	7109	235
925	9336	7
1522	9337	7
745	8419	453
242	5665	20
1018	371	165
4523	414	431
1148	2153	25
1486	1729	69
726	9339	73
1718	2373	201
2128	9340	7
1511	7867	60
1633	9341	112
8575	9342	523
689	4434	43
2812	954	122
1167	9343	81
427	3179	20
1135	9033	27
208	5850	40
2691	9345	15
1781	1665	165
107	4394	27
600	1526	44
2643	3530	191
2999	9346	25
9347	7213	38
225	5209	20
2875	5165	76
954	8598	514
4436	9348	17
125	8965	165
208	9349	40
925	9350	7
317	3418	245
23	8996	19
1942	9351	33
1379	5864	408
8121	7598	7
742	8785	161
1522	8798	7
2128	9071	661
1213	147	465
147	1213	245
97	7662	201
2997	3513	25
