200
0	6	0	828	511	2136	2198	2529
0	16	1	829	305	892	88	526	104	201	10	1059	1443	2532	2239	136	614	27
1	534	2	8	35	100	120	21	277	296	185	370	424	41	488	489	517	57	588	674	694	69	738	139	125	33	798	817	196	830	460	847	852	383	905	914	837	959	974	976	984	991	995	1009	793	612	1091	1093	879	1139	1147	52	844	1171	1172	91	556	1179	1185	1187	493	384	1229	627	1053	1282	1081	1301	438	708	1348	1354	705	1291	1425	1442	1445	624	1461	1463	1254	1475	948	670	1534	1548	402	1570	1219	1586	1205	1449	399	330	111	42	997	1538	1496	1662	872	1673	1231	603	232	1738	271	1765	1775	1799	1430	1810	1833	1837	1462	1649	1567	714	904	877	191	175	168	81	1925	1476	92	1937	1632	1624	536	898	1158	745	194	895	1971	954	303	1551	1992	2000	53	464	255	1676	1761	377	231	502	887	1373	1288	1814	1526	2050	792	230	260	1044	1749	1178	208	1370	101	1883	733	2109	2111	582	1907	394	1334	307	2119	1979	1110	643	607	1508	658	1998	2174	1397	608	143	73	1451	1041	2193	1281	757	1904	595	1851	1072	2224	186	1115	1744	334	1772	858	519	1160	927	993	1672	2116	1643	994	2121	2037	2012	2245	337	1472	2259	2260	2205	2058	1550	1227	171	824	1336	1218	1613	936	2268	1906	2271	75	1623	346	1617	2127	1300	2254	1161	268	405	1374	2289	688	518	788	2024	74	2100	2325	2330	908	308	2297	2337	2202	2280	2063	893	576	1131	1936	1873	2300	360	1683	585	980	659	2201	917	1297	2005	1521	669	573	2366	285	2055	2081	638	1101	18	592	1366	1168	560	376	193	771	1347	1866	131	1435	922	284	742	1886	2382	2277	157	822	1170	1697	2420	1232	2422	1645	2424	429	1089	568	1483	312	621	1723	883	155	1848	1186	1157	1146	505	2400	1429	152	2272	731	1155	1383	861	1849	1070	241	2396	89	1055	2419	1715	1149	1978	1159	204	734	992	1993	275	760	1692	1839	1122	1290	816	2262	2477	154	320	257	942	1080	2101	479	1808	807	1860	1878	888	2487	510	1190	1068	2454	1733	2341	602	2344	2133	362	272	2506	1188	2139	965	516	1211	1916	420	1821	2065	2233	1175	2273	599	812	1209	2206	164	1888	925	441	2364	876	1121	2336	677	1943	1000	2092	2176	456	1674	805	1113	1109	740	471	1453	899	114	548	1901	1999	1012	1756	1258	2538	951	2025	1934	751	1387	158	1315	242	775	646	1120	1825	2181	2171	515	1196	25	1460	571	1659	1844	1212	1492	2266	59	1681	478	1580	863	147	1341	857	654	865	1246	1693	1316	1701	449	2007	799	998	2448	2014	1023	623	1118	1269	832	835	1326	457	1994	978	448	521	507	1931	1423	1822	2090	1494	2056	2404	2045	1918	2436	1638	834	306	1137	1607	1485	82	882	1539	1946	1876	1546	1544	1639	530	1394	447	421	957	1669	782	2369	2429	597	26	1789	870	1729	881	781	938	2402	372	1224	2528	2128	1379	2137	2284	1854	1199	531
1	1	3
2	16	4	641	656	37	732	109	1367	10	247	104	127	549	1244	124	576	1
2	144	5	225	236	287	388	412	642	657	226	706	355	868	604	924	1002	256	301	1245	1292	490	553	885	65	93	875	811	933	1457	298	1466	1438	1511	1547	1595	1648	1030	349	24	1152	442	563	192	1148	1486	1349	907	113	699	1274	1359	286	762	223	498	150	698	465	1780	455	134	840	197	761	540	11	1095	1124	768	366	348	1346	906	252	47	1942	539	1180	821	2125	789	302	2177	1958	61	912	1708	1764	1700	652	2379	1512	1019	587	833	97	886	244	1057	103	913	774	806	1087	1602	1071	795	750	2204	1388	1489	283	1235	564	1384	528	955	1401	1364	246	1016	282	1727	759	1389	1324	2299	1360	2072	1074	1579	2143	342	1469	29	1671	2232	413	1509	385	108	328	170	68	324
3	310	6	21	25	80	75	157	160	131	208	232	260	284	307	316	333	336	377	393	233	429	463	477	186	492	493	503	164	396	554	354	572	592	7	621	658	693	705	57	764	285	185	788	796	530	565	807	42	96	255	710	494	899	922	505	969	391	1035	608	659	742	585	33	1113	275	1137	140	387	1168	770	311	1181	346	1221	401	985	555	927	1242	792	739	799	1306	1231	533	552	327	1366	1383	872	1430	1460	400	431	1210	23	1493	1513	1515	114	1539	394	1544	936	438	1120	193	1571	624	1188	175	481	1628	743	1326	1569	1185	1593	1668	1288	1315	1561	504	1340	199	1163	158	378	1119	1169	1409	1311	419	1813	857	524	435	1848	39	974	165	1336	312	217	704	1437	1831	82	308	623	426	559	1766	478	958	2008	1072	222	1504	161	666	2043	384	2014	1499	179	860	1092	1472	143	740	362	1633	638	22	861	2091	975	1086	191	714	1131	1136	53	18	627	2092	2171	1842	1312	449	898	992	1940	534	2225	1993	2234	1895	802	466	713	1526	997	1880	1751	194	850	1164	1273	89	771	1146	1715	402	2312	824	2318	423	1138	889	2322	1653	1822	1886	274	957	882	613	1212	1451	830	984	849	211	2401	791	568	1370	1419	887	1116	154	900	620	1339	2147	834	595	360	670	1521	1467	633	1798	717	1910	334	98	81	425	723	855	1270	2341	372	1946	878	880	74	2254	1749	1669	856	241	725	462	879	409	1285	1860	2448	1567	2098	488	2506	8	1257	2019	1211	1118	560	1042	1158	517	1716	683	1508	2087	612	416	1535	607	881	120	2025	654	548	418	765	573
3	306	7	22	26	81	86	158	161	179	199	233	285	308	33	334	222	378	394	396	311	464	21	478	185	208	494	504	165	555	565	573	82	608	481	659	327	704	488	723	462	765	114	53	799	658	312	856	860	492	23	191	6	39	957	743	1086	316	377	1116	936	160	1138	75	850	1169	771	260	429	739	217	175	824	792	725	400	927	552	1285	477	1336	435	1288	624	1340	666	1339	431	360	985	1231	1409	275	1181	693	393	1535	592	1561	211	1567	401	1526	714	1593	556	346	1571	621	791	742	880	80	1306	1669	307	1515	802	503	1164	493	889	1430	1749	96	274	1120	1168	1158	383	391	1821	157	1210	568	1569	57	1122	164	193	857	1221	613	900	1860	899	120	425	1993	8	1940	336	2019	89	638	354	740	1472	654	131	1539	2014	969	1653	922	517	1880	449	1751	830	2092	1668	984	1419	788	255	533	796	882	1895	1499	770	426	554	423	1146	872	194	879	1072	1451	2098	716	1273	958	1113	975	384	1910	143	997	1311	140	713	18	362	409	717	861	419	387	670	438	2043	1383	1643	881	1796	232	1808	595	1842	1137	1467	807	1270	2171	42	1136	1521	2341	2234	633	1848	530	1715	1211	2225	1798	1513	505	1508	607	1628	992	1185	1131	333	98	1257	2087	1493	2318	241	1437	834	1822	855	416	705	466	1502	74	1092	1163	620	2322	627	585	1312	887	560	216	1544	2254	2506	186	1242	898	463	1831	372	863	1119	1035	2008	154	1504	1212	248	852	1460	2147	534	1053	1766	2401	1886	1366	402	1370	623	548	418	2025	849	764	572
4	12	9	445	758	198	1736	626	10	20	446	2468	1713	1990
4	11	10	446	626	445	198	1713	1736	9	20	758	1990
5	19	11	221	1222	134	1466	195	85	97	672	1815	897	625	1522	906	474	1349	777	557	544
5	8	12	222	504	336	1467	1504	2019	1145
6	2	13	2440
6	6	14	772	1330	2155	1451	997
7	82	15	131	801	888	515	1092	1316	788	1760	965	1867	1149	1911	1453	1979	277	2012	2061	1101	2187	2027	1891	1550	1575	1633	2272	1348	53	2289	2300	1414	2339	1297	852	1657	1674	1215	1258	2245	1594	242	1171	1629	177	1209	2109	1623	943	2127	2422	1402	1044	306	296	738	1805	52	1978	1685	2429	1396	1992	751	877	1599	1345	1089	2487	998	2201	1617	2325	2176	1912	1068	1449	847	1287	824	1607	978	1601
7	12	16	10	127	526	273	136	1713	445	104	1	626	1853
8	30	17	542	594	843	931	964	1096	1103	1202	1280	181	1355	1447	1488	651	1268	1524	1528	1732	1743	1213	1448	1721	374	963	1759	1591	1845	525	2283
8	103	18	543	595	844	106	423	316	974	983	716	416	1281	679	865	41	701	1362	6	426	232	285	503	1525	946	1114	855	1729	519	1546	1766	1467	1070	75	1819	822	1350	1136	1098	1502	114	401	969	705	2058	985	425	272	314	1306	807	2000	2182	384	2155	391	597	464	2322	693	1798	398	33	638	1867	682	1069	2	233	111	2098	336	872	1476	2001	1715	57	1925	975	959	327	308	164	362	534	1639	334	666	147	222	429	165	175	2018	2019	1453	409	1485	196	738	1692	958	491	311
9	73	19	574	127	649	10	720	270	1075	16	136	1532	616	1542	1584	1630	198	1543	1305	1726	1753	1762	1250	295	1183	2102	201	2088	598	829	2179	2103	2230	1754	650	1533	1278	1665	88	2294	614	2150	2306	104	1631	1853	1443	1412	662	2319	1197	2491	2180	1773	2502	1076	2512	2038	721	2263	1610	1689	305	2305	20	749	2307	60	2231	2095	1363	2153	2437	842
9	71	20	575	616	650	721	749	1076	842	198	626	104	1533	127	1543	1305	1631	16	1542	1363	1754	1183	2038	1412	1762	2103	88	2150	2153	1443	2180	2102	1584	2231	1753	649	1532	2263	201	2095	2305	2088	2307	1853	2319	1726	60	295	2437	1250	1773	1075	2179	2491	1197	1689	1665	2306	720	1278	305	2502	1610	614	10	1275	270	2230	2294	829	598	662
10	226	23	84	101	306	314	354	217	285	35	154	561	186	597	505	637	669	713	725	740	775	778	284	832	858	861	870	592	917	948	621	1070	161	477	997	1175	705	1109	535	378	74	730	194	400	75	530	478	1414	1437	863	645	799	1502	796	1526	984	862	418	552	682	1659	1695	521	516	81	155	1751	1676	488	1042	1761	714	588	1632	1772	185	1814	1025	608	969	1336	1613	798	807	1715	1653	1865	1639	679	556	1155	307	1766	522	494	2081	96	143	994	57	1311	2128	1186	1693	489	2166	383	624	21	922	565	462	745	233	1227	311	100	22	204	1146	401	1396	899	2058	481	1880	230	1409	260	1748	1350	595	841	1362	1848	140	764	1421	191	362	419	1825	1813	704	2418	377	1866	2423	2255	479	158	208	7	1783	985	2037	1749	849	64	1937	1567	1312	1883	456	1907	2474	835	596	2029	1462	1351	196	881	723	232	2055	429	500	1492	82	617	187	658	351	993	499	1113	1886	659	643	1878	2249	2241	1971	1617	234	1697	6	568	1383	1674	1593	1210	555	2424	438	2436	393	1821	1376	425	160	1283	2098	312	666	1546	613	2043	370	33	872	1649	2176	1640	771	977
10	212	24	85	102	228	315	355	356	365	437	93	562	563	544	604	615	625	726	741	776	170	794	833	859	753	871	875	885	246	949	600	1071	200	1100	1162	1176	1180	609	1198	1143	1317	1342	1358	490	1384	223	1338	1465	1057	417	952	1527	256	1565	759	1245	702	724	1545	827	1446	1708	1671	1324	1484	1758	593	1688	1602	264	1815	1826	755	252	65	1944	896	29	1032	1802	1852	1646	962	1074	212	557	763	672	1222	1364	1037	11	141	1698	851	345	38	2123	97	1375	587	1094	1408	657	1469	2162	1040	366	1790	36	539	2232	261	1634	1675	283	762	113	642	195	210	151	1457	912	2237	145	1486	1058	1407	411	2015	2334	1511	324	727	134	1142	474	150	2154	2374	1329	412	2389	465	2387	352	328	1433	302	357	986	1274	547	935	1466	818	1002	1481	2244	123	1879	1019	1124	1353	1678	699	2379	1857	2072	698	434	785	2221	652	342	1700	364	787	1830	2143	108	934	1958	244	795	2062	789	1427	806	1727	1976	2570	348	282	1061	221	1022	2013	1279	777	1509	63	1541	498	1438	2039	564	1191	673	1522	553	318
11	67	27	66	60	127	88	443	662	675	842	1026	1083	445	1250	1275	104	574	295	999	382	1588	1651	990	1432	1735	1773	1817	16	273	1197	1443	10	2106	2140	2073	1318	2095	1707	1560	133	136	467	1583	2304	747	903	2385	2459	9	201	2490	1189	614	720	1997	2306	1689	2144	2153	267	1933	1	829	619	2303	2532	1123	1223
11	164	28	67	110	128	205	313	358	444	653	663	676	404	294	1027	1004	87	1084	1107	1153	1249	1251	747	1299	1302	1371	1412	1480	1491	381	1589	1652	1664	55	1702	1730	172	1734	450	1054	1818	766	267	918	1630	1382	989	1201	1961	1965	2026	1309	1742	2021	2074	2075	1318	2088	2107	1343	2132	485	2141	2145	2150	2170	427	2203	1670	1899	1706	1510	2274	295	190	1399	1726	783	2313	2314	1987	1995	2135	2343	2347	2351	1709	2112	1468	2388	2392	1689	1154	1794	1262	2009	1141	2447	1197	2384	2452	1051	2460	1278	389	2279	1731	1817	1820	1696	2492	2494	1711	2499	1903	1006	1757	1428	2104	1710	1973	2513	2052	2522	2169	2502	119	1631	1432	823	2537	999	2539	2569	2586	2594	2601	2602	2607	1690	66	1193	266	1750	1305	1584	2195	1932	2248	1289	215	2421	304	79	1745	618	2302	1983	2577	2051	2263	1894	920	1997	1090
12	300	29	68	123	189	212	228	283	286	298	302	328	357	256	355	195	490	523	528	47	593	345	699	719	759	761	762	392	85	851	763	897	77	913	1040	1057	794	1152	587	1191	1074	1235	1279	673	553	960	1329	5	702	1427	1431	1438	145	1095	1099	113	1180	1523	1541	966	1277	706	246	469	48	665	1634	459	1752	388	896	1792	1509	952	1003	1454	1465	170	403	1879	97	1002	562	755	1963	1826	1834	907	657	1469	1142	1261	352	906	1094	1111	2039	102	986	225	1758	538	1489	1484	1602	417	1648	24	474	806	1337	93	768	497	364	912	1274	2162	1780	1512	1457	2177	1192	1144	735	1565	36	2062	1260	1317	811	1650	434	547	1590	753	2015	1755	1646	1405	1915	1266	1815	652	785	264	1827	385	348	108	564	2308	776	885	1444	287	1545	1446	356	1124	1360	1675	182	1678	192	1763	475	252	1011	2387	1342	972	1364	498	871	221	1671	955	1292	338	411	700	1022	1071	1677	437	1764	1790	1779	2123	379	1407	38	244	935	2154	546	672	1514	1579	2237	962	412	726	868	2068	544	875	1708	1016	2143	1324	442	2504	301	1741	604	1830	210	1481	269	141	11	1176	840	1222	924	1298	696	342	2085	318	1527	2013	1958	2232	2125	1058	821	1359	2389	465	709	921	122	63	2334	61	2565	1852	1162	1007	1401	366	1037	886	2338	105	1148	2374	1698	1061	615	1847	2221	1358	2167	1245	934	1182	413	1338	609	539	2299	827	1166	1857	197	1198	2083	1032	724	1388	2570	2417	1700	1225	1486	2265	365	557	789	1466	455	848	363	727	1727	949	134
12	5	30	124	213	732	1824
13	419	31	64	69	92	98	147	155	176	220	268	321	405	435	327	479	500	524	533	548	585	589	633	646	684	521	710	743	18	883	890	316	965	983	6	733	1044	131	535	25	387	1093	839	1114	1128	1190	1196	801	1171	1199	784	325	1276	1110	722	1168	158	1347	1113	599	734	607	942	677	1449	1425	830	8	1477	994	466	303	1496	1069	1538	1562	1494	1476	1374	1437	852	1596	1599	905	624	1633	1246	1640	627	1681	1485	1311	1645	296	1397	300	1718	1723	1455	1287	876	791	1121	688	84	1227	873	175	1669	1783	1232	1798	418	1825	1257	862	1836	41	1668	666	1461	1889	534	1904	168	15	139	940	1831	311	1341	1839	1910	1672	100	478	1525	802	1999	391	1293	1258	1242	320	760	1929	1561	420	2055	1725	1911	1234	2076	1883	1647	708	1326	771	1167	2137	2139	421	1867	858	2025	2119	2133	1848	308	1813	975	1366	514	623	569	441	423	1720	2091	1228	1089	2007	1158	1091	1204	399	206	204	1892	1744	998	902	2254	1623	2256	1629	1694	194	1617	1304	1926	1170	2273	1621	1607	1237	1814	1080	384	1886	230	1445	307	1970	1695	152	863	1799	888	2301	1151	165	157	899	1692	1281	560	2336	2182	1376	1740	1301	2341	1895	400	2193	12	2284	2335	2	927	2280	59	2358	1387	2099	188	1041	1451	995	1916	285	1686	1178	457	1021	1442	993	805	2176	401	2363	1297	507	730	106	1471	1285	2122	1662	2400	1035	2408	271	2207	1594	2225	274	1078	951	1748	73	2418	1472	275	1992	2438	1295	1369	816	717	714	2444	217	1860	572	2423	1993	693	1460	908	849	856	1294	208	2004	344	1147	1379	2277	887	904	1789	2018	1493	1429	588	643	171	713	1181	193	1819	2424	334	2227	125	997	2069	1901	1693	1638	1072	1918	2487	257	2516	2128	556	877	846	1398	2286	1291	1534	946	453	1186	1593	2401	1361	1624	597	1601	1632	1157	263	1810	409	1306	817	914	2563	2595	416	1751	2233	2181	2366	1131	576	1370	2029	936	925	471	1169	2087	573	1419	1220	1210	1508	2000	2092	272	299	938	1116	879	33	2535	985	132	1450	1081	757	882	857	1252	1050	1940	667	518	2337	1115	617	2342	976	1598	2045	683	2419	2138	1912	596	26	1716	2382	860
13	23	32	70	99	148	156	322	549	590	647	685	1045	1418	1572	1724	1905	1959	2210	146	2261	2362	2372	2376	2585
14	638	33	73	91	166	64	187	262	344	372	400	431	436	456	175	491	512	514	515	518	521	535	620	306	630	272	643	670	683	165	722	751	760	784	139	849	271	881	882	320	893	832	942	968	975	977	303	992	1012	936	255	1023	1055	1078	354	147	1115	1118	505	1145	1146	409	1157	507	1158	568	998	710	1199	1209	1244	176	1252	299	1293	1300	865	370	1316	1334	44	595	2	393	757	1361	1257	1169	477	1347	277	6	1429	1373	435	1366	904	111	1476	1483	1221	1492	1551	376	1374	674	1580	405	1539	731	1607	1608	900	314	1018	1617	1538	1623	1624	669	1629	1632	307	1549	1638	1596	1656	1657	895	1676	177	1674	1685	858	1159	1693	852	969	1701	284	1304	646	957	384	980	925	576	1133	1796	1805	1809	1822	602	1575	997	585	1854	300	41	658	1878	1880	688	1891	1892	132	1895	1445	733	154	1912	1837	1931	1943	1339	976	1621	140	879	1970	1972	1978	8	1765	524	1291	1053	994	872	1132	613	778	486	1215	2027	1628	1147	1825	573	1258	96	2045	1409	1050	89	2049	316	2056	199	1345	447	2063	1982	2065	1760	571	666	194	2090	627	2093	1168	2098	2100	1121	1723	2114	2119	2121	1116	1831	193	274	2127	1044	2133	296	2138	466	739	802	1226	2147	1450	1138	2156	1525	1477	667	152	1462	835	1946	2192	2076	1114	1155	1593	2205	377	1994	2024	1640	1370	659	2044	1246	638	2227	488	2233	481	770	1467	817	1093	1092	334	391	285	621	2241	1025	161	1229	1851	120	275	1940	1151	217	1227	479	1463	560	745	1929	452	1270	1519	106	75	1398	677	1814	612	2297	1425	164	74	1140	771	530	1421	1718	1242	519	1453	1867	943	2174	1695	2340	694	844	927	1218	2342	708	679	174	2245	248	1204	321	1748	965	2234	1205	1254	1681	206	1504	2363	2001	548	1744	793	1534	1546	1341	582	1035	1234	1397	2206	2081	196	52	2336	2354	2251	1669	2402	2404	2410	2012	1599	1833	623	1614	394	1918	775	351	425	98	2101	850	1186	493	1662	1798	569	788	15	233	1172	876	2400	1672	684	1594	1740	25	2008	603	887	2018	1212	1775	856	2025	2116	1901	1649	2318	1789	596	308	1953	2000	2087	1673	693	536	1578	1883	1269	1633	158	2254	713	1756	1866	1716	914	978	1311	1211	816	704	1544	2069	1376	2418	2182	35	208	1570	2480	2482	1282	2268	1971	1319	241	1276	230	504	2173	1113	2420	1548	125	1000	2193	1904	2503	502	489	633	2280	857	204	1829	114	1232	1645	1354	645	624	418	736	617	1561	740	705	441	1799	157	938	1437	1042	908	171	2527	179	1190	2277	1455	438	53	2109	1267	2091	608	18	84	1636	2043	383	870	862	2535	2423	1379	855	1301	2300	1849	401	325	1350	1171	1934	1472	1889	734	801	1925	1601	1149	378	2567	2581	2584	2591	1567	1871	2099	1738	2301	2014	1766	2246	2218	798	1910	1210	464	257	1442	1449	234	2364	92	1836	589	2419	522	958	1383	689	2444	2260	1009	607	983	2061	471	2137	1604	492	1921	2207	2335	1811	632	1998	22	2122	2019	1033	1228	2171	533	1616	311	1686	232	2272	1485	242	941	2055	2564	2422	1521	2436	1185	69	186	421	1613	399	1306	1873	1021	572	2528	478	1810	453	503	743	1369	1295	1098	1281	592	2325	959	1839	2337	101	2563	822	937	1402	1819	2382	1167	940	2358	131	1340	463	1499	1224	2197	905	860	559	846	1692	1843	268	1081
14	1	34
15	283	36	47	65	93	108	192	244	246	261	264	123	282	195	345	301	538	318	417	615	709	727	768	806	150	497	886	935	960	349	356	490	1016	1019	1037	102	348	787	1087	170	1148	24	1058	1124	652	587	1324	411	1338	385	1389	298	365	1405	604	1375	523	1469	1359	469	29	1486	1390	1162	741	1545	226	498	1579	1511	1590	700	1514	286	1095	1022	105	1465	1698	212	1099	392	412	1727	1688	821	1763	1764	1779	1481	539	1700	868	113	1830	1648	885	1222	1857	324	1576	442	1011	859	907	706	563	1360	811	1444	474	223	1017	1758	1852	795	1407	934	2062	1678	564	1349	818	986	1489	2125	1032	1166	1438	103	774	1547	553	1266	1245	225	1191	68	2221	434	1509	355	1847	287	328	2237	1142	1384	1512	1712	2244	197	388	97	283	544	359	1958	972	475	1353	256	61	776	1675	1388	357	2085	1595	955	1708	1143	342	1292	2334	77	789	702	1792	719	1677	145	1915	1541	699	1834	315	302	1277	459	2395	785	1780	1337	1261	1002	1040	528	1364	840	38	827	642	465	1342	63	1074	403	455	1565	1071	913	338	1274	672	1741	906	657	1260	1954	557	2475	1431	833	2204	1401	1944	896	1752	1061	363	2072	2002	2167	1427	755	2177	279	1317	236	761	1003	182	1522	1976	48	2232	851	151	366	875	753	1827	1879	897	11	269	1671	1057	1602	912	2299	2523	85	1650	1646	468	921	2570	1454	698	1030	2154	1466	1457	134	1152	962	949	2216	252	540	364	1346
15	25	37	4	109	245	247	297	390	728	641	961	1039	656	1217	1325	1378	1367	1520	1642	1582	1479	2355	2445	2555	2568	2600
16	52	38	210	696	700	871	966	523	1222	1099	497	1433	1040	363	1058	1074	609	1111	1650	1522	1198	1541	642	960	345	562	48	102	2167	2265	1071	2013	338	564	1602	986	411	777	735	150	1360	1032	972	1266	2232	2395	1677	1022	286	886	1277	1634	1790
16	14	39	211	697	701	967	1077	1086	1862	1898	1482	880	932	13	1569
17	47	40	129	173	550	610	715	987	1264	1303	1308	1458	1479	1558	1637	1661	1746	1838	1868	1884	1928	1939	1952	1969	2070	2118	2200	2264	2189	2269	2276	2190	2416	2431	247	2446	2467	2478	1357	1809	2530	2543	2576	2578	2587	2597	2599	2440
17	87	41	130	174	551	176	716	988	1033	1265	1304	179	1459	1063	310	307	1647	888	708	1110	1842	1869	1036	1929	1940	1645	423	1170	914	1867	518	2071	1594	466	2047	1640	1461	1607	1839	2119	2008	296	1319	320	1614	139	452	582	2286	1228	1477	2403	1369	2155	535	1220	514	1521	1365	938	268	2386	1221	2489	1943	805	1121	1276	772	387	1147	35	1740	589	376	421	1224	1323	2256	2366	2025	1916	1604	98	678	1999	2400	997
18	177	23	74	164	185	193	216	271	274	311	327	39	425	401	75	480	481	416	559	592	233	666	739	742	770	114	834	42	449	878	693	957	165	993	1092	1119	1122	1136	1163	1188	1211	740	1086	1306	396	1339	824	1366	21	1131	140	1499	211	275	477	462	418	922	175	510	658	1370	705	362	1326	383	654	857	717	307	260	1860	179	850	969	764	1502	1716	2014	2019	346	1697	435	423	765	555	560	272	872	131	1493	863	1669	1567	533	25	620	898	186	1419	312	714	6	704	1873	1270	419	232	1164	792	384	1813	879	985	638	57	1910	409	2	659	1544	1895	391	96	743	426	333	852	1120	1196	1571	889	1539	308	7	1227	2448	1451	1340	208	1561	670	613	2225	387	1515	856	585	431	1315	1937	336	958	1257	464	524	1151	1467	82	1254	1212	1751	2506	855	429	2234	994	807	974	463	788	1831	53	98	1504	18	1749	1508
18	177	42	75	165	186	194	217	272	275	312	316	362	391	426	175	140	13	429	534	560	82	613	431	717	743	771	131	857	872	879	889	346	985	994	396	654	1120	974	6	1164	2	1212	23	585	693	114	1270	1340	1339	7	714	1419	740	1092	1508	274	449	555	57	419	1697	659	533	792	1813	1499	739	1315	1831	466	232	1493	765	1544	1472	401	1504	957	510	1306	764	807	21	387	559	1669	271	1211	1366	834	1937	435	670	1119	705	26	1808	98	425	185	1131	311	704	96	418	1539	1946	1561	383	878	824	384	922	233	39	1895	208	477	463	1188	658	333	334	1910	969	2225	683	1567	839	1873	1326	285	179	1151	1716	863	898	1257	1515	1571	1163	327	1136	992	1502	638	1086	666	307	530	74	1467	742	409	1451	1821	1227	336	18	592	1000	861	423	1749	1798	481	993	1122	464	53	1860	788	260	620	2019	856	2506	211
19	14	43	167	686	687	729	744	570	1029	1108	1296	1352	1597	227	1803
19	119	44	168	421	396	688	730	745	185	92	978	997	460	493	1042	938	1109	983	1119	1291	1297	1091	1374	925	1265	765	1598	75	771	595	242	377	1221	832	89	1808	1257	370	841	1725	1926	233	1158	2004	2025	1607	285	784	2122	1865	2166	717	1379	552	946	1502	1461	448	1070	844	2245	1639	2100	1999	2396	710	1796	1599	1904	35	1632	1971	1998	1155	805	2420	1122	1147	1069	608	1848	161	677	208	613	565	1624	1435	738	1179	510	2528	535	186	307	132	1873	1451	1053	2280	1513	798	6	1072	796	2	1829	384	1383	174	630	554	674	188	627	2251	1161	86	679	612
20	32	45	46	218	276	484	237	767	309	884	1067	159	1129	371	369	243	622	406	737	790	278	219	1804	648	1106	470	797	1125	664	163	894	332	430
20	32	46	278	369	371	218	309	484	790	243	767	894	622	219	1067	1106	406	470	884	797	737	1125	276	332	163	430	664	159	1129	45	1804	238	237
21	39	48	103	413	665	170	924	348	1002	1030	913	1180	1349	811	750	226	907	244	352	1111	1017	794	315	795	727	349	523	1512	1834	2002	2497	787	1855	702	2523	61	223	2204	318	355
21	9	10	104	1	20	136	127	626	2359	16
22	94	49	520	532	634	655	660	869	1008	1014	1079	703	1173	583	1391	1400	1474	1253	1626	1703	1797	1872	1618	1948	1956	831	2003	2006	929	1233	2059	1344	1498	2089	1010	2094	1587	2228	1927	439	1795	1856	1307	1238	2252	1722	2328	1776	1395	1996	1272	380	2365	1949	2383	1786	2391	115	2331	2064	2032	2414	2278	2430	2409	2441	2442	476	1835	2463	2131	640	1870	2380	2393	2178	1828	2349	178	2469	2548	2590	1239	1625	1951	786	1615	107	2406	2149	2485	2345	981	1568	1801
22	2	50	661
23	8	51	950	1038	1518	1858	1920	2031	2604
23	49	52	951	603	321	330	863	1254	778	1394	1078	1519	1050	1373	1907	1921	1012	627	2101	1805	31	852	1940	1218	1115	69	677	2277	171	1425	1281	1546	125	2337	2300	1972	26	2354	757	1866	862	257	941	684	948	2014	91	344	1267	2342
24	352	53	57	82	111	125	143	199	241	191	161	346	383	260	409	486	495	536	602	638	717	736	592	384	792	802	822	850	862	255	887	895	899	904	908	927	597	946	303	463	1041	1065	208	284	922	1161	423	206	723	308	1115	993	969	1210	314	1228	431	1243	1258	781	154	1326	334	457	666	1072	1128	937	370	1167	499	951	936	186	714	22	140	1347	1578	14	1139	1526	679	1617	807	429	824	1042	23	478	1499	995	1748	8	645	775	954	876	419	438	1009	1639	556	185	917	771	905	311	1379	1676	569	994	460	1906	516	1918	139	152	940	1546	531	624	164	1544	179	493	1281	477	416	320	1982	1992	658	1163	1132	1716	1365	791	1889	175	682	507	1765	530	1946	271	393	1749	816	1833	2155	387	194	1069	1978	893	1836	716	1133	2202	1409	1686	362	425	1114	1304	1455	534	272	1632	41	307	589	360	1462	1179	958	157	1843	1866	595	75	2255	333	1476	1312	1851	738	1231	844	1092	1662	2266	1460	998	1744	765	21	354	799	400	1508	233	6	835	612	514	1878	211	872	1220	1751	402	1215	1116	64	80	1829	2025	1485	464	841	2364	1311	659	1224	1000	285	1196	216	114	1254	158	2382	1880	1242	599	1821	2166	2436	2206	1283	2424	2419	42	2	1131	725	1798	1849	100	704	1070	492	330	554	548	991	296	2058	607	555	637	1461	2139	1535	984	959	394	654	2249	1021	1081	636	505	165	740	96	377	519	613	449	481	1323	337	462	2092	1270	1437	861	1725	2043	1766	401	985	925	1649	1212	2277	2069	1110	1733	1451	1693	713	1185	1912	543	2176	1653	15	257	1023	2037	778	552	1147	900	1633	232	1601	2337	1319	1140	830	1998	1350	2108	1396	1993	2224	135	2273	1423	1398	1886	1819	1931	1445	1539	1888	494	1369	855	1257	1091	596	81	1940	788	418	1692	881
24	61	54	58	83	112	126	144	347	410	487	496	537	639	718	203	76	803	808	601	909	928	353	138	319	1015	1066	644	121	1174	1194	1259	800	1327	838	1333	415	323	373	1031	681	1691	153	1320	1919	671	1968	1781	567	1890	2159	1112	2236	1368	1028	635	2186	2540	149	1464	317	813	2333
25	54	55	258	427	584	591	631	289	823	1126	215	864	1313	1382	1529	1478	1574	395	1660	408	1964	509	1777	2188	1670	1490	1966	2214	2229	1899	2287	1894	2217	1439	2427	1201	1684	1470	350	1961	266	1487	2501	1757	2524	989	2021	339	819	2377	1767	119	2476	1328	2311
25	15	56	259	428	632	1127	243	30	1415	1877	124	1554	2428	2175	2357	1991
26	128	59	206	325	782	1149	441	1170	658	798	1210	1494	132	1616	1312	1666	1672	231	242	936	41	1093	416	155	637	1723	314	621	1023	1025	1676	1471	1729	1751	1449	306	1575	925	2109	502	176	1504	1848	1362	383	1766	1113	1409	1659	1904	1423	1601	2246	1269	531	1137	2286	1158	1374	835	1445	2076	922	1288	751	1168	1147	33	1155	1232	1876	830	2429	321	1656	2339	2336	1993	402	1220	555	464	299	757	824	722	841	1398	1336	904	1596	512	942	2277	1461	852	1783	708	1669	1636	1833	1319	391	420	765	2436	168	1643	462	846	714	1485	775	1599	1304	1315	1865	1871	186	607	489	1078	522	561	1645	2300	1053	2187	394
26	75	60	207	326	783	1150	1154	467	1200	88	1495	133	614	1667	1399	1731	1750	1774	1788	443	1769	304	1690	1987	2036	2040	2051	127	472	999	2112	2142	2148	1932	1123	454	1189	2172	1995	2095	1141	1197	1652	1573	2120	1289	1090	1054	1432	747	2294	1271	2407	2042	267	2195	2212	201	619	2500	27	2432	1309	721	1206	2282	1644	1059	450	2562	172	1560	2573	1302	1505	2279
27	210	61	116	141	145	349	363	442	475	540	544	547	600	11	724	735	546	753	38	777	528	787	795	952	357	474	36	1007	1017	195	755	182	726	342	564	1124	1143	189	935	324	1225	1022	1260	1182	388	539	24	652	657	47	913	972	563	1388	907	85	696	1514	1522	1191	1324	328	553	1671	1016	1390	1602	379	776	593	1349	1712	986	672	113	365	557	1469	1446	221	1752	412	411	741	1834	1852	1180	827	1855	1329	811	283	298	912	1509	459	1384	761	490	1317	1087	1292	150	1595	885	2039	774	1152	906	1277	2085	356	1040	1235	1545	63	1827	1727	417	302	962	1375	192	1274	455	2204	2154	1342	48	1337	706	359	2167	65	151	1963	301	1019	1541	821	1547	1976	1646	1032	1512	1466	2232	2334	1142	719	2123	1675	727	1780	465	1166	1438	244	1590	587	1058	134	934	955	252	1758	1511	1958	210	2216	2072	1408	1245	29	2338	1433	896	366	200	1002	1565	1764	698	1763	763	2523	609	286	1162	859	1634	615	1100	840	97	1338	966	413	364	68	921	538	1037	1353	1579	897	212	2387	768	625	108
27	9	62	117	142	146	773	70	1747	2291	2398
28	34	54	76	121	149	169	138	317	323	343	83	586	671	144	813	808	681	347	1028	1031	1194	1320	1015	644	1464	1112	1259	1890	58	639	1327	1248	353	2333	909
28	160	63	77	113	122	150	170	279	301	318	324	338	348	366	392	455	497	539	587	528	593	657	604	563	228	625	848	907	916	921	934	385	955	972	949	1011	811	1032	851	1095	699	506	1321	1337	264	1390	553	1052	1030	1481	403	1148	490	924	47	1388	1124	1650	68	1405	1714	1741	755	411	523	933	108	1019	886	283	236	1324	1099	1915	342	935	1958	2002	2034	1727	2039	349	246	2060	103	1274	1764	48	966	1166	896	2143	1545	1002	355	973	1245	1590	1292	762	413	875	2216	1489	328	1457	652	256	252	1407	1298	468	2308	363	315	2379	1380	1071	38	123	97	1180	1648	906	1712	29	1523	1863	1037	182	2177	2299	361	223	1349	1040	287	1384	1779	388	953	1780	352	269	195	1003	2281	212	1737	1358	913	1438	912	1016	787	2125	759	777	761	469	1739
29	1	71
29	1	72
30	42	78	211	266	381	485	680	989	1104	1203	1439	970	1670	1710	39	1818	967	119	55	2135	2152	2235	1745	1887	2016	2313	918	779	1742	1569	1730	2214	2213	2315	1654	2392	611	1961	2052	529	2509	2517	1898
30	13	79	88	267	382	990	1105	60	614	1817	829	201	467	1443
31	19	87	618	172	1318	1343	1432	1680	1820	1903	2104	2248	313	1631	67	294	1702	2577	2074	2169
31	8	88	619	60	614	720	201	2532	1083
32	85	89	132	234	453	471	325	998	1053	1089	1101	1155	1205	812	1269	1270	1287	1288	852	158	1485	1601	1643	1234	1119	1599	18	174	135	1409	2001	723	1656	1504	798	922	1993	2205	2197	925	1312	314	391	1701	689	1113	936	321	1645	788	775	441	2246	770	841	1729	942	2339	536	561	1848	394	1613	96	1871	1499	571	1319	1461	983	1833	1494	1376	738	2254	1575	464	782	231	275	1876	2336	1220	21	1904	1398
32	61	90	133	235	454	472	326	999	1054	1090	1102	1156	1206	1207	1271	1289	1309	1399	1141	1644	1771	1560	1123	1664	88	1995	2028	2042	1932	467	2120	2195	1769	2220	614	1987	2282	1200	2346	1788	1750	2407	2132	1154	1197	2140	2026	2095	1495	2561	2562	2579	2598	2606	1318	2212	783	1690	2294	1573	443	1820
33	17	94	939	1568	1556	1859	2183	2381	2415	1956	2505	2367	2278	1395	1606	1240	1452	1307
33	5	95	340	1256	1005	1782
34	193	96	7	360	402	41	462	505	334	603	561	211	627	155	419	185	336	852	26	932	241	1068	194	1098	1131	208	936	922	140	1397	1409	984	705	478	802	143	307	6	623	152	592	158	543	82	552	1312	659	314	555	275	1086	507	378	519	1946	296	147	565	1569	1453	1998	1653	393	2037	880	895	21	1831	1508	1761	106	1267	621	1023	362	1350	1586	377	595	704	585	154	1860	384	568	481	186	872	1621	694	572	39	303	354	899	233	857	799	608	1254	260	1748	2058	740	477	969	1467	23	12	1145	1649	597	504	1118	730	816	1535	311	114	111	946	1042	222	57	84	2288	839	2353	1269	75	1050	1526	436	272	1733	917	1772	1889	1070	714	449	835	1906	1925	398	877	2081	391	1694	832	812	778	135	2382	25	1186	1362	764	994	791	479	738	713	841	1567	1608	948	2108	429	232	1936	1901	624	530	160	2255	997	881	1716	255	1167	1628	1898	1169	959	196	970	688	2008	2043	723	558	22	1081
34	158	97	113	361	403	411	38	506	553	604	562	609	628	774	827	896	349	912	933	563	223	1094	1099	490	210	150	229	1358	256	1338	1484	851	65	252	1407	151	885	1384	935	593	1100	1678	787	1700	916	63	315	1846	1040	762	29	324	759	875	818	1758	1016	236	145	221	1511	1002	727	342	973	102	777	341	1832	105	2068	366	47	523	2162	93	755	1052	1071	2177	2232	2237	1266	1057	1274	1360	283	1857	108	2151	1245	1457	1790	459	1342	1815	906	385	437	1222	249	1317	1191	328	134	287	776	348	1489	1823	2015	246	971	1364	949	469	1863	833	363	264	1095	1523	1509	1755	1579	1698	1650	811	228	170	1438	587	1565	1349	2154	345	547	226	625	840	1019	1380	699	1727	1180	1230	1714	735	1166	1058	195	600	1198	1646	392	1547	2308	2379	365
35	87	97	182	197	200	226	269	359	212	379	417	434	318	61	116	546	564	625	134	698	702	388	750	665	763	657	785	352	821	593	696	615	523	913	709	885	1003	962	1058	1061	47	1142	189	1182	700	1349	48	1401	1408	587	1444	1180	221	1512	1527	726	1152	1675	600	762	413	540	1802	1579	103	1827	1277	1942	538	776	77	2015	1245	1266	1465	342	795	1855	1879	1338	2338	789	1514	1576	2265	1162	1329	735
35	21	10	16	198	1	136	270	273	467	626	526	20	127	445	1059	1183	749	903	104	1853	1988	1665
36	49	105	151	38	474	497	1166	818	1261	1094	1509	1646	1650	833	345	385	1523	223	755	859	490	2237	61	1700	1486	557	2151	475	102	538	11	195	417	1815	1099	727	226	324	123	1225	1364	875	539	563	246	523	365	286	1360	544
36	36	106	152	57	456	1050	1167	147	994	194	1483	688	1686	1946	895	1623	255	519	391	623	844	1199	2041	1227	959	1508	1379	2098	196	308	738	2001	1733	1254	1215	285	307
37	5	50	661	825	581	240
37	111	107	115	439	476	541	583	820	826	901	1010	1233	1239	1253	1424	178	1566	1585	1395	1618	1699	703	1240	1786	1795	1626	1801	1835	1881	869	1874	1949	1951	2023	1391	2066	1272	2080	1517	2086	2006	2178	634	1956	1008	1587	1797	690	2191	2296	2278	2183	786	2345	1552	929	2077	1996	2380	1615	2035	1034	2393	2409	1828	2415	1498	1816	1908	1385	1703	1452	2032	2365	2430	655	1238	2485	1722	981	1776	874	2469	2089	1807	831	1335	532	996	2451	2463	2003	380	1625	239	2391	1400	1859	712	1568	2328	2094	580	2441	1014	2349	1870	1679	2331	2228	640	2406
38	60	58	138	54	153	203	319	329	415	440	567	126	601	635	644	681	180	121	800	815	838	1174	1028	1368	1015	1422	410	496	83	487	1635	537	76	1781	1194	373	1333	1890	112	144	803	2186	347	718	928	1386	1968	909	1691	317	2159	1259	1248	639	1112	323	2333	2497	1919	149	1320
38	192	114	139	140	154	175	204	320	330	401	416	441	507	534	530	296	599	636	645	682	734	232	781	674	495	816	824	839	764	893	937	958	1000	1021	438	1009	1140	478	1224	23	1351	271	1369	96	1398	1409	307	1423	57	1451	1462	383	927	1546	717	1611	1636	233	1674	536	514	881	1716	1326	1270	1733	1729	106	765	778	15	1161	835	654	457	1485	111	984	822	568	1878	738	723	333	704	788	186	409	426	2069	1851	311	362	792	1167	1437	658	384	499	1539	1365	844	714	592	1387	725	418	597	1765	199	394	1544	872	1243	2354	569	1502	1304	993	908	1998	602	994	2001	164	1396	387	1756	2419	1829	53	431	1946	82	1215	555	771	463	1023	1499	861	1833	143	1866	6	1042	449	1092	1212	354	370	1258	969	1683	948	740	638	14	1472	2155	1632	185	41	1639	1526	272	396	1681	1596	666	1347	2	1269	998	1476	1210	1638	1992	1133	477	1136	2043	1508	2224	1273	1114	462	1978	206	543	505	516	1072
39	5	118	183	214	288	407
39	115	119	184	215	265	289	290	408	414	485	395	598	779	918	923	1328	1382	258	1426	1255	1487	1500	250	1684	1696	397	1491	1767	1777	1439	930	1660	1757	819	427	1896	1899	1955	1490	1894	1984	1986	591	1104	631	1470	2011	2021	2052	1964	2130	381	1745	509	756	2208	2217	2223	2229	2238	989	584	1966	2009	2082	1529	1589	2356	2135	2188	1201	2377	2378	350	2390	1670	2411	2426	2214	2343	1658	1313	2457	1531	2465	2157	2473	1682	2476	254	2433	2515	339	2524	1004	2501	444	71	190	2544	2549	2551	2554	2575	2593	2603	1975	2311	1286	1818	1478	945	55	1742	2152	266
40	12	134	315	759	2177	403	490	287	735	1457	604	912	1099
40	8	135	1453	603	694	2288	1925	2402	1098
41	29	136	291	20	445	10	1	198	626	758	1778	1332	1861	616	16	1533	526	1059	1853	2359	1183	1762	2239	270	1667	104	1532	273	1988	749
41	5	137	292	1020	473	2113
42	15	159	332	162	46	797	664	1125	276	470	278	484	163	309	737	430
42	13	46	470	484	1125	664	797	162	309	430	276	159	737	163
43	32	162	218	237	276	430	46	737	648	664	622	243	797	406	371	1125	668	278	1129	219	45	470	163	884	790	484	1106	369	767	332	238	1067	894
43	32	163	219	238	45	243	276	648	664	884	484	406	332	737	1106	278	668	797	470	237	369	1125	371	46	767	1129	430	622	1067	162	790	894	218
44	34	171	303	35	1350	1472	1000	1575	1866	881	1598	2108	998	453	2206	870	2288	992	757	147	1888	2300	2487	1934	887	2564	1891	1196	1492	1912	2277	1425	1599	1351	2173
44	11	172	304	1289	1473	999	1573	1123	783	2545	2571	1644
45	15	177	711	980	1701	1953	978	1656	2093	2197	2218	689	1402	1811	2344	1354
45	22	178	712	981	1859	1585	1034	1812	1008	690	532	1173	2089	2270	2345	929	115	1828	1679	541	2032	1722	2131
46	33	180	373	415	353	319	149	323	1497	601	1422	644	1015	1977	639	1368	803	54	2186	2333	2159	1320	410	329	567	681	144	1333	58	138	1919	2588	1194	203
46	31	181	374	525	963	1268	651	1448	1591	1721	964	513	1845	1202	1280	1524	1355	1528	931	1213	1488	1096	843	542	1103	1759	2375	594	17	2283	1732	1743
47	12	187	898	1311	98	1901	1312	155	69	1122	188	674	194
47	12	188	194	1312	1122	1311	69	155	98	187	717	898	1901
48	53	190	254	350	397	408	529	119	756	289	836	854	864	1286	1313	258	427	1470	1658	1742	1328	395	1784	584	1894	1966	1126	1491	2082	2134	923	1684	2311	2152	1899	1973	1757	339	989	266	1203	2426	1984	1670	1696	1896	2574	184	414	1682	1965	2411	2457	1964
48	97	191	255	351	398	321	530	556	757	791	837	855	409	438	1132	571	1282	602	1373	257	1471	877	378	731	1311	285	464	206	320	993	1851	1159	204	1598	714	771	2053	839	801	1190	1138	948	2181	1093	646	41	1172	2119	512	354	2205	1211	1291	2098	59	946	736	2115	22	1243	429	1168	2454	2027	2420	26	1546	84	100	1237	1157	1549	1940	1616	742	383	217	599	2116	617	968	1525	708	888	1808	2330	2400	1055	865	52	337	271	2535	272	1674	1319	1258	1621
49	86	195	38	459	506	818	840	593	1074	1274	113	587	47	755	315	1454	1222	1380	652	787	385	949	806	361	252	523	256	539	1094	103	469	1523	553	5	341	2151	774	246	1484	365	1457	170	1052	1360	672	1016	896	1438	1317	1230	933	2379	973	1832	1758	352	699	972	1602	151	1714	150	229	1191	417	328	65	1407	1857	1002	1099	1071	490	735	916	912	411	2068	2015	1364	1489	324	1245	851	600	366	1698
49	106	196	57	460	185	147	835	841	555	211	543	477	478	12	1186	1023	608	1453	1455	307	391	1639	1692	82	384	948	1697	449	969	1077	984	1586	21	194	2176	1467	1269	1733	1526	1649	1594	114	1379	946	155	917	802	1548	558	872	1925	232	778	1070	1254	1155	362	1050	2353	1569	336	2382	730	1936	314	429	932	1831	1860	723	565	1042	2108	1761	1632	152	1901	140	1906	377	1000	704	816	23	1409	638	260	2037	311	585	1312	26	41	1267	1350	398	519	740	419	143	621	25	970	1492	1608	1397	6
50	12	201	88	60	614	720	1443	10	445	619	721	27	127
50	4	202	501	331	769
51	9	209	748	853	911	545	1417	1516	695	1322
51	27	198	445	526	749	903	10	1332	20	1610	626	273	104	1853	1059	136	1665	127	16	2239	758	1667	1988	1	2359	1533	616	1778
52	2	223	523
52	1	224
53	6	227	167	1352	2470	1029	729
53	4	124	30	1501	213
54	31	229	361	498	953	1177	933	1216	1230	566	1331	1375	1380	1612	1052	973	794	1737	1581	1863	628	1850	236	341	1321	1329	947	249	2033	916	228	1846
54	48	230	449	499	954	1178	659	1231	448	1295	1376	354	462	1613	1649	2	284	714	588	917	1883	500	1936	1799	1535	362	617	1131	1676	666	1042	429	2058	624	1219	447	241	1025	2128	1833	232	1312	306	1998	1070	1849	517	185	84
55	115	231	337	420	438	522	596	607	654	714	731	793	535	1025	1035	830	186	782	1315	1149	96	314	585	1550	425	499	1139	325	637	1829	565	878	1398	1796	22	2029	1091	852	1362	1485	870	2099	1138	2173	646	2249	2262	1379	2266	268	2187	717	2181	242	160	645	1570	802	377	2369	2092	6	1526	477	351	1999	1234	1072	1729	208	1477	1873	2045	1449	421	396	370	164	42	1813	64	1611	188	784	1926	1749	1210	155	2558	1347	997	898	82	1681	983	1190	447	489	1821	969	1535	516	2025	2069	554	1158	1137	416	1586	1697	1936	805	1876	419	713	394
55	4	30	124	732	1501
56	11	239	580	996	1517	1452	1881	1908	1335	874	2077	2451
56	2	240	581
57	56	242	263	457	667	733	679	399	1110	491	1117	1121	1220	1226	1285	1614	1645	1647	1224	860	876	1276	1943	139	387	531	599	1341	850	942	683	165	1865	1839	452	463	958	2115	2280	582	1970	400	846	272	834	464	925	1633	1018	296	518	1485	630	466	1033	1451	257
57	20	243	237	406	45	668	664	797	484	278	369	276	648	46	767	218	1125	790	737	622	371
58	11	248	517	1232	1860	391	1188	1118	1515	1831	1621	1397
58	7	249	566	973	1832	1380	1052	229
59	4	250	1660	1973	2510
59	2	251	224
60	43	252	593	553	777	962	986	1192	1277	1634	1976	150	200	1752	1143	1235	1222	2154	1349	753	1446	972	366	761	921	1527	539	1469	1466	1037	1963	1094	609	564	657	924	1016	1032	1176	1191	755	741	935	1198
60	2	253	891
61	36	256	465	252	1446	5	875	949	1547	1279	1095	434	665	65	1016	2151	1389	833	2015	934	1826	225	795	36	673	1061	150	1779	2232	1650	1466	727	762	1489	544	1523	349
61	17	257	466	876	303	1594	946	272	2008	1889	460	2275	507	2202	2461	589	2076	852
62	7	280	809	867	1165	1392	2096	810
62	14	281	629	810	915	1024	1393	1436	1770	1885	1924	2067	2097	2124	2168
63	7	293	211	880	1077	1482	1569	2560
63	72	113	364	283	497	789	562	1022	1040	1144	1266	523	1359	48	1541	1142	1576	36	1602	68	698	455	1261	777	1324	609	600	642	1763	2072	2154	345	1182	1390	210	356	1016	1827	615	821	1100	785	1017	474	960	1511	1547	1360	1634	1489	338	226	1162	434	1349	1678	1099	459	924	442	724	886	1094	413	763	2338	986	1364	1074	1198	1143	475	102
64	13	294	1706	1932	1054	1690	1156	1995	2302	1750	1343	1154	67	1302
64	12	295	1707	1933	1773	1689	205	1997	2303	2144	1583	66	574
65	7	299	1132	1133	1994	1471	300	1616
65	6	300	1133	1132	299	1723	1994
66	5	30	124	1501	1824	732
66	16	305	527	10	20	1532	1183	1861	127	273	1665	291	2239	104	616	1778	1332
67	11	309	46	622	737	484	243	369	278	790	218	470
67	25	310	845	772	677	1036	1063	1073	1184	1323	1365	716	2247	130	1800	2386	2071	1247	2275	1930	2155	1842	2489	2047	1459	1869
68	93	307	384	425	679	143	863	865	736	1080	418	524	59	782	1402	1267	1521	1683	75	1720	1210	80	730	35	1871	1657	1539	879	1316	1282	751	306	1425	206	899	423	2	2201	997	1232	296	489	1237	2284	682	788	2245	2335	596	1561	1649	2166	2182	2249	2029	937	1837	943	704	1891	1462	21	438	2259	1844	1580	377	555	936	643	717	595	1053	1204	314	448	1805	1978	86	1599	1873	2422	1659	796	677	1772	2396	1672	654	824	2448	535	1492	1536
68	5	331	501	769	202	2160
69	10	335	508	746	1001	1208	1785	1787	1064	1406	2196
69	10	60	614	747	619	1443	27	842	201	720	88
70	26	339	509	819	1004	631	1255	1478	290	756	2217	1894	2311	2323	408	2371	2238	1670	350	1658	2135	1899	1126	2223	1104	584	2524
70	5	340	95	1005	1256	1782
71	34	341	482	361	916	1134	229	1298	498	1581	1739	1847	2184	2033	1863	1346	1331	1945	628	1052	2281	1846	566	1850	1216	2329	933	1823	1380	249	1230	848	506	236	2508
71	12	4	483	109	728	1135	1236	247	1582	37	2355	2481	1367
72	74	342	352	886	361	593	652	1095	301	338	349	1364	150	1523	68	468	955	1148	1780	1481	1727	553	587	1030	1099	348	1915	1380	924	1714	123	523	1166	170	1390	122	105	1032	2177	2299	1274	2143	1779	246	1052	762	195	2002	1002	787	933	506	385	2379	907	913	392	328	77	1037	469	1489	1180	256	252	657	761	1349	1321	1708	2060	47	38	490	1071
72	31	343	353	149	58	1112	83	1248	76	815	54	347	813	169	138	586	1464	671	112	1259	121	1031	144	323	909	644	1194	1781	1028	2333	681	1320
73	22	19	920	1278	1371	1711	1150	1794	783	1223	2209	2263	1051	2215	2075	79	1584	999	766	2112	128	1262	1510
73	5	10	16	127	104	1
74	7	367	368	30	632	2146	124	2357
74	7	368	367	632	30	124	428	2146
75	22	375	422	611	707	804	1097	1284	1416	1420	1557	1603	1609	1719	1941	2046	2048	2054	2161	2257	2450	2455	2493
75	71	376	423	612	708	216	805	1018	1072	1033	914	1370	734	1330	802	1461	1604	130	717	155	938	1361	1800	654	1916	1930	1871	942	1974	2020	2047	710	263	902	2115	599	1521	679	888	1224	1825	1221	988	1645	1865	772	14	164	997	1319	1929	1110	531	1073	2286	1036	551	1147	925	242	678	677	421	2155	1365	2069	1300	1265	1246	582	716	518
76	102	380	579	640	703	786	831	929	1238	1240	1272	1307	1344	1385	1395	1498	1587	690	1615	1034	1622	1625	869	1722	1173	1776	1391	115	1856	1870	1874	1079	1927	1938	1859	1996	2035	2064	901	1949	1010	2149	712	1568	2191	2219	2252	1400	2278	1253	655	2331	2349	520	2393	2406	2414	2425	2296	1956	820	1801	1795	2380	2469	981	541	660	1816	1948	2228	2178	1008	2080	1951	1014	2430	2345	1679	2547	1618	1626	2066	2003	1703	2059	178	1585	1872	2243	2463	2409	1566	2442	2328	1424	1828	2094	2485	532	1835	476	439
76	2	50	661
77	3	214	407	118
77	18	368	428	632	1415	1554	1627	124	1991	2175	259	2146	2357	56	30	1877	2466	2428	367
78	27	384	456	519	816	196	1021	1167	402	959	314	585	106	1455	1023	623	994	895	1733	1269	1379	559	1254	688	881	2176	391	1000
78	38	385	474	324	328	195	806	1359	1166	912	459	315	1040	563	392	1454	47	97	345	604	1523	105	469	755	564	1225	727	1486	1815	735	1360	403	246	1646	113	1358	103	38	5
79	2	386	1386
79	22	387	938	1387	627	1115	1888	678	1472	1122	1993	1369	1673	560	630	1645	370	717	1161	1901	1330	865	2020
80	1	3
80	78	389	404	577	866	1123	1193	1189	198	1505	1573	1432	653	304	1027	1709	999	1141	1769	1090	443	1947	1726	2105	1302	2158	2169	1289	2220	526	1537	2298	783	2326	2332	2042	2348	720	2361	87	2394	1200	2421	2432	88	2458	1399	626	472	67	326	1630	1318	1107	127	2520	2310	1150	2550	2556	2566	2573	2582	2592	467	1987	1820	1702	10	1207	27	450	2399	2095	1711	128	527	1771	1560
81	27	395	1592	190	211	1902	1975	1989	2157	1687	2163	2185	2226	1585	2315	970	1955	2464	2439	804	2518	78	1517	2605	1569	1887	2544	1670
81	2	30	124
82	12	46	276	369	622	648	737	484	243	163	790	1125	45
82	40	399	452	296	599	257	902	834	242	1273	1319	1451	1839	1865	139	734	376	620	717	888	1645	423	2280	1459	1252	1513	1018	460	535	683	1117	1970	502	464	654	263	531	2400	582	1647	958
83	7	418	568	569	1789	285	1146	164
83	7	419	569	1146	164	568	1789	285
84	1	432
84	5	433	814	2479	2031	950
85	44	447	516	517	1091	1232	425	865	1257	155	898	561	448	285	419	1886	260	1462	362	974	1237	57	534	462	1155	568	607	384	1315	905	2259	1219	936	717	1043	401	492	81	416	1789	154	1341	69	621	1288
85	42	448	517	516	1219	1091	401	1237	416	1341	69	936	717	568	565	1043	57	974	1462	865	462	607	1155	447	81	1257	492	1288	260	561	1886	425	905	384	534	1315	621	362	900	1232	155	1789	2259
86	15	450	467	443	273	1197	999	1537	1262	454	1817	1107	1200	1573	1302	1769
86	3	451	578	910
87	8	458	606	1413	1530	1806	1909	1768	2285
87	13	119	930	258	1490	1531	1328	1487	584	918	2378	2287	1696	2457
88	7	461	1793	1957	1950	2194	1046	2258
88	10	10	1713	1990	1736	2350	1047	446	20	2498	9
89	6	468	469	833	1111	1279	868
89	6	469	468	1111	833	506	1279
90	24	20	127	758	445	526	273	10	1533	16	1665	626	104	1988	136	749	1	2239	305	1853	270	198	1059	9	1573
90	6	473	292	137	1020	1641	2113
91	34	315	727	587	38	1407	1755	1650	1454	1360	246	474	1489	544	652	200	912	2389	1061	553	497	123	562	1266	1523	1579	221	563	735	47	615	818	345	1389	469
91	28	314	895	1186	391	573	1756	1681	1455	1050	1196	839	1692	1157	25	627	334	2001	568	147	877	1035	572	585	1023	1571	994	1493	1716
92	8	502	582	677	1246	760	1461	1645	733
92	5	14	130	678	1247	1063
93	5	510	1666	2116	1994	1055
93	3	511	0	2136
94	20	513	651	1759	1355	1280	1447	1743	1448	1528	17	542	594	2283	1488	1845	2375	1591	1524	963	1268
94	36	497	652	953	225	403	973	2013	2015	2151	553	2222	352	1830	1390	1037	933	2299	1846	361	971	229	252	587	755	1481	301	1380	392	1359	818	366	123	2125	490	48	249
95	47	139	208	861	260	284	448	425	1283	1290	1204	1536	674	524	22	784	2007	1043	1315	621	426	1848	900	492	1653	954	1175	1053	595	194	796	362	462	898	531	155	1257	416	569	568	936	1312	1829	1982	2255	2259	2396	1267
95	47	531	362	492	936	1043	1204	426	595	479	448	569	1315	1653	796	954	1175	284	674	425	307	462	861	1982	784	621	2255	57	898	22	208	524	2396	717	900	194	139	74	447	1257	1536	260	1311	416	1053	1267	568	2259
96	6	137	292	1020	473	1641	2113
96	9	545	695	1322	748	1417	209	1516	911	1411
97	28	552	617	64	873	1419	1450	1715	1718	1848	1659	231	849	1429	1295	1460	2207	890	1293	666	556	1025	1810	500	100	80	1161	521	565
97	1	30
98	6	557	735	727	1040	1523	544
98	3	558	585	895
99	4	570	1663	686	227
99	5	104	1	10	136	273
100	22	279	355	886	934	935	960	1222	221	912	1166	1359	2002	246	776	1277	593	768	105	2154	625	1040	228
100	17	571	576	1151	585	1227	877	26	1167	1021	25	2251	441	1744	2297	486	713	2205
101	3	578	910	451
101	3	451	578	910
102	5	598	1745	1660	2009	1984
102	1	251
103	17	605	874	239	1452	94	1807	826	1908	1410	2077	2199	1881	1552	1335	1062	2451	1517
103	8	606	458	1413	1768	1530	1909	1806	2285
104	49	623	441	940	1036	486	941	1471	1232	1078	1740	1723	1132	1575	1158	937	1549	1891	863	479	1599	1744	1673	1055	1210	1819	33	1301	194	1425	877	1994	1624	377	334	1593	927	585	2511	684	300	52	1970	1366	299	943	1172	1904	1041	1982
104	41	624	877	941	1330	1345	300	1549	571	1210	1673	1744	1616	937	1425	736	2044	1115	576	1871	757	684	334	1301	486	1740	441	35	2012	1093	1472	994	321	781	1151	630	940	1477	1723	52	2487	1232
105	7	672	1198	547	2085	2013	2237	366
105	7	673	1790	1545	1182	2265	1815	1958
106	19	689	1811	1701	711	1849	1354	978	1656	177	980	2093	2218	2344	2360	1953	1402	2197	1053	2100
106	28	690	1034	1812	1816	1828	660	541	178	532	2032	1859	2131	981	2270	2345	1807	2089	1585	2441	1722	1008	94	2077	115	1173	2080	1679	712
107	40	691	445	945	1310	1314	1456	650	1717	1706	1893	1917	1985	2010	2073	2144	2212	2240	1075	1933	2102	2293	1750	358	90	2370	472	2443	2462	28	2483	2495	1932	2170	2546	2552	2583	2589	2253	27	749
107	2	692	979
108	10	605	1013	1062	1410	2199	1195	2367	94	826	1807
108	2	695	1411
109	4	259	30	632	40
109	8	607	441	1387	895	1643	1122	64	2029
110	10	752	754	104	1085	999	461	863	2309	52	2146
110	15	116	755	906	286	212	699	113	1087	1565	1166	1678	1698	349	1454	1547
111	7	766	19	2215	1711	1278	2075	2263
111	2	16	10
112	5	258	945	1203	2542	2553
112	2	780	2250
113	5	811	593	1100	562	301
113	3	812	543	2352
114	8	162	278	238	664	371	243	219	622
114	4	470	46	369	159
115	8	846	2024	1252	1117	531	1614	452	1993
115	6	46	484	332	797	276	1125
116	8	853	1516	209	695	911	1417	1322	545
116	5	473	137	292	2113	1641
117	14	270	16	136	10	20	486	2116	198	299	626	2420	1122	445	749
117	5	892	1056	1897	2117	72
118	3	118	407	214
118	27	900	1053	839	895	75	1291	865	441	1526	384	1936	1578	1232	645	2025	1796	1462	232	1970	1409	2300	2420	1018	1306	2233	1808	208
119	13	919	653	1154	1690	1995	2302	450	2384	1054	663	676	1027	1932
119	13	920	1510	1583	1689	1997	2303	1735	2385	1773	662	675	1026	1933
120	12	925	1215	585	423	2041	1883	1796	370	802	394	330	337
120	9	926	1077	1086	422	880	289	2397	707	1935
121	4	943	1891	300	1549
121	2	944	2466
122	41	947	973	1052	1346	1177	506	1791	1071	1847	1850	566	1945	229	1230	2033	361	1134	2126	1381	249	2281	2292	2329	2368	916	1846	341	228	628	1832	971	2484	236	2508	953	2222	2184	1863	1823	933	1298
122	2	30	124
123	19	291	20	1713	273	1667	1861	2239	527	305	1610	2405	1778	2215	1048	127	2526	10	1532	1332
123	3	30	1501	124
124	2	956	892
124	9	20	198	10	136	16	270	445	749	626
125	4	970	13	1728	2353
125	9	971	1381	566	973	1832	2033	1134	1052	2126
126	8	982	1900	1957	137	2536	473	2194	1950
126	7	443	1189	207	127	10	1573	104
127	10	985	1294	277	1800	1220	734	845	2386	2155	268
127	10	1006	467	2026	2279	2095	1864	1027	2519	313	88
128	16	653	1141	1363	1428	783	1987	1107	1262	2295	2399	2132	2203	1150	267	999	128
128	4	127	104	10	136
129	22	267	1051	1223	1305	1559	128	1262	1981	1983	1363	79	1150	2347	1371	2314	2112	1278	2075	1794	205	1510	1584
129	8	127	104	1560	721	1	16	10	88
130	7	1046	461	1950	2194	2258	2486	2507
130	10	1047	1218	1736	446	1731	1990	2245	44	2534	9
131	9	1048	445	1762	2405	1	1532	1332	1861	1610
131	1	1049
132	12	136	1934	299	204	2245	585	1570	1215	2193	20	120	1172
132	10	1056	1935	289	1480	1086	967	1077	211	2559	2541
133	10	88	16	445	198	10	201	526	1275	1988	1059
133	5	1060	1377	1967	2521	10
134	8	508	1208	1001	2196	1787	1064	1406	746
134	8	1064	1406	746	1787	1208	2196	508	1001
135	2	1069	802
135	1	971
136	7	1081	1267	893	1686	835	1229	1934
136	3	1082	88	1275
137	33	1088	375	190	1201	211	707	1600	1670	1705	1757	215	1529	1894	2016	2084	1585	2290	1730	2009	254	1899	444	1913	386	2160	2343	2313	1403	414	427	2531	1004	2021
137	23	467	133	1197	304	1468	1200	1318	1189	443	1864	1123	235	1432	2304	326	2095	1309	2514	2525	2073	450	2519	389
138	6	564	762	702	352	103	197
138	3	1130	1704	2324
139	6	1159	1160	1725	1072	2005	1672
139	7	1160	1394	1072	1159	1725	1672	2005
140	4	1195	1552	826	2415
140	1	825
141	14	936	784	155	861	878	561	717	954	260	492	74	448	1175	2029
141	15	260	954	74	492	1873	717	561	784	936	861	155	447	1175	448	400
142	16	1213	1355	931	1202	542	1591	1732	1528	843	594	963	1721	513	2283	2375	1280
142	1	1214
143	3	1055	2005	59
143	2	1001	746
144	21	935	960	1634	1677	563	615	2167	966	221	952	1338	1176	2154	1358	1375	365	2039	490	1511	2177	151
144	14	1227	585	572	1571	1493	1570	152	705	196	627	1692	533	1269	994
145	10	747	999	273	1769	1709	1302	1537	472	136	450
145	17	1204	1362	1396	705	155	740	493	1315	260	21	1175	796	2043	936	954	717	307
146	4	1230	249	1791	1052
146	5	1234	1118	1910	1621	248
147	7	56	1503	2078	2110	1747	2376	2428
147	4	1241	2079	685	70
148	11	1262	1302	1817	467	999	273	454	1769	1200	450	443
148	1	1263
149	8	568	1312	674	1982	260	1311	717	1653
149	8	260	1311	717	1653	568	1312	674	1982
150	17	760	1647	733	176	535	502	677	1943	1226	518	1614	376	1538	1300	834	582	942
150	5	46	484	309	219	369
151	10	454	273	1980	2095	829	235	1537	2040	2348	1988
151	11	1335	1474	1816	239	2435	1585	1391	2533	1606	1385	1498
152	23	936	284	362	1311	260	861	1843	69	556	568	1808	850	155	100	1499	1848	492	1312	1844	1435	387	1043	1139
152	22	260	1043	208	1312	568	492	1844	155	100	1435	387	69	556	1139	654	307	861	1311	1843	1808	850	284
153	11	1353	699	1166	1465	1857	1359	1198	1545	949	1142	38
153	11	747	999	2095	1658	87	2310	404	1443	1702	1573	1665
154	10	1356	1563	1969	2022	2189	2471	1661	550	2596	1838
154	11	1357	1564	1746	2190	2022	550	129	1868	1303	2200	1558
155	12	1359	1360	2083	774	833	2013	755	366	1634	875	1755	2265
155	12	1360	1359	1755	1486	875	2265	366	755	896	833	2083	2013
156	9	665	197	1144	65	960	2417	24	1040	709
156	1	1372
157	17	1379	1188	1621	533	1831	275	1860	391	448	2133	627	959	1169	1234	1901	248	57
157	14	1380	973	1052	1823	1832	1846	566	228	1375	971	1230	1714	341	249
158	18	1403	1600	1922	2057	1840	1088	1902	2412	2084	1654	2439	1887	1913	2226	2315	2464	2531	2518
158	6	1404	1923	2413	2434	2496	2572
159	2	1421	2043
159	2	802	2005
160	2	1434	2541
160	9	1435	1374	1055	1844	2116	1442	1666	1729	1172
161	7	1440	1540	1555	1577	1619	982	1900
161	4	1441	1556	1620	2211
162	5	137	2113	473	1020	1641
162	6	695	545	1322	1417	209	911
163	8	479	1693	595	81	2111	1300	2369	568
163	6	127	10	747	1289	2158	304
164	4	1489	1364	1755	469
164	2	398	436
165	8	1506	1605	2129	2373	0	2453	2472	2398
165	15	1507	1606	13	2315	2397	2433	1964	880	1887	1840	2327	2517	1898	1687	1922
166	3	89	1421	556
166	3	1421	556	89
167	4	1552	1807	1410	826
167	3	1553	1882	2017
168	1	292
168	4	1	10	127	104
169	3	465	221	68
169	3	466	1227	1904
170	7	1654	1687	1922	480	2327	1989	2163
170	1	1655
171	2	1679	2485
171	5	1307	2228	2064	1828	2380
172	10	1552	239	1908	874	94	826	2451	1881	1452	1807
172	13	1682	395	1490	119	2287	918	258	2457	1658	2188	1757	930	427
173	3	1688	1954	2244
173	3	873	1295	500
174	8	1689	1933	574	1773	1026	2303	2385	2144
174	8	1690	1932	1302	1054	1027	2302	2384	1750
175	3	1694	2018	2087
175	3	1650	1359	1061
176	3	1735	662	920
176	3	450	663	919
177	6	1840	1887	2164	2213	2509	2327
177	6	1841	1820	2165	467	1318	454
178	4	868	102	871	785
178	3	526	1	903
179	1	1875
179	1	1876
180	3	1913	1420	1569
180	4	1914	1557	611	880
181	13	1360	246	497	1384	2320	1533	269	48	821	1802	702	315	1408
181	5	1960	2267	2321	1704	2557
182	1	1962
182	2	420	2233
183	3	1736	1048	10
183	3	467	2253	999
184	2	2009	1984
184	1	251
185	1	2030
185	4	381	2135	779	2235
186	4	104	10	1533	1762
186	4	1762	1533	10	104
187	1	702
187	2	127	616
188	1	829
188	1	251
189	3	601	2333	149
189	1	1214
190	1	2242
190	2	2243	2006
191	1	829
191	1	251
192	4	250	1660	2510	2009
192	1	251
193	3	104	2488	237
193	3	1262	1605	46
194	2	2316	2580
194	1	2317
195	2	695	1411
195	3	1998	1053	2528
196	5	2449	2031	433	950	1518
196	3	34	2456	950
197	1	607
197	1	88
198	1	10
198	1	999
199	2	2464	1913
199	2	16	273
