613
2360	1531	0
3659	3845	0
2006	2220	0
1611	3379	0
2895	2894	0
947	375	0
947	2280	0
3738	1878	0
2576	1651	0
388	3537	0
2883	323	3
446	494	0
449	3061	0
1487	1243	0
2365	1105	0
1264	623	0
1028	1180	0
27	3562	0
1617	1616	0
1765	3637	0
324	1271	0
2958	2298	0
1043	628	0
1799	3434	0
752	751	0
1641	466	0
1359	1947	0
1925	679	0
199	1477	3
622	3763	3
2572	3188	0
345	3116	0
1480	2634	0
88	297	0
3688	10	3
3001	2190	0
1509	865	0
1815	78	0
994	3226	0
349	596	0
385	3402	0
1043	228	0
1417	3146	0
1888	1887	0
38	3162	0
454	898	3
2249	3699	0
1272	1643	0
112	2695	0
3711	1510	0
3058	1038	0
865	2400	0
447	446	0
1652	2600	0
1234	2509	0
2673	2541	0
3724	1361	0
2526	3027	0
516	3628	3
2324	1780	0
554	553	0
1330	1073	0
2717	115	0
318	710	0
1025	2180	3
302	40	0
670	2719	0
2908	635	0
2037	2962	0
3710	1901	0
2027	2026	0
1773	352	0
3255	3828	0
840	1994	0
1020	3044	0
2991	2990	0
530	529	3
641	640	0
767	489	0
1835	875	0
922	629	0
1462	1461	0
3344	3689	0
2912	3762	0
1724	1927	0
1098	644	0
351	350	0
1377	3171	0
323	322	3
3502	1046	0
1489	798	0
3717	1038	0
646	488	0
2059	2058	0
1465	3294	0
2350	1705	0
1984	3796	0
913	3164	0
3467	3003	0
733	2504	0
3337	1741	0
2028	2182	0
1209	29	0
3695	1213	0
2401	303	0
231	230	0
1870	1257	3
2326	1531	0
764	3094	0
1984	3608	0
3344	2195	0
1726	2053	0
424	2201	0
2421	1642	0
1900	27	0
633	2433	0
2479	12	0
184	2237	0
864	449	0
3265	802	0
369	2762	0
2193	2277	0
973	2627	0
137	1778	0
2918	471	0
3434	1799	0
3814	2345	0
1510	496	0
1085	3496	0
136	135	0
1682	1445	0
555	2598	0
1406	272	0
1790	727	0
45	1331	0
1922	1921	0
3203	1137	0
2727	618	0
55	2669	0
1654	1800	0
2094	254	0
204	3010	0
1762	1125	0
1880	462	0
1220	3004	0
2754	1074	0
1332	137	0
340	2048	0
478	477	0
725	2058	0
2238	1091	0
670	3799	0
2418	2580	0
1767	362	0
1855	2084	0
1088	209	0
2355	35	0
1249	807	0
3693	1139	0
3032	134	0
2873	676	0
1501	1500	0
3127	3665	0
820	3703	0
3845	3659	0
78	411	0
868	2793	0
358	931	0
1108	122	0
1775	2352	0
1043	1042	0
2097	3383	0
412	901	0
3330	2863	0
3353	3352	0
1744	3781	3
1455	866	0
2584	593	0
855	1909	0
35	34	0
2385	119	0
72	3673	3
1504	1400	0
2502	3400	0
536	1378	0
3434	325	3
3250	2036	0
877	372	0
397	2856	0
599	1422	0
761	796	0
401	400	0
2051	940	0
513	1423	0
1755	1051	3
2880	2879	0
1847	2069	0
2061	3477	3
2054	378	0
937	2193	0
433	388	3
803	1124	0
64	35	0
165	482	0
1947	1359	0
858	2933	0
1016	256	0
1310	1702	0
2881	834	0
3426	2290	0
1752	1289	0
385	1325	0
2206	1580	0
2234	2233	0
486	946	0
1017	956	0
2584	291	0
2801	56	3
1691	1038	0
830	545	0
423	3096	0
858	857	0
1832	2571	0
840	336	0
323	1684	3
2890	3283	0
2067	2913	0
184	1763	0
2868	803	0
2384	2383	0
1723	3320	0
1596	1595	0
2884	3157	0
1459	979	0
2066	220	0
911	1257	3
1862	2296	0
35	2290	0
3796	1984	0
401	689	0
473	1984	0
3538	1287	0
749	3055	0
1103	1810	0
337	3230	0
2708	451	0
3228	288	0
457	2986	0
1382	2905	0
2326	1876	0
2036	850	0
1945	3592	0
1718	411	0
1798	3706	0
1090	1495	0
1256	154	0
1981	1966	0
313	675	0
2486	423	0
1281	1241	0
3098	385	0
706	159	0
673	1000	0
1647	3250	0
3686	850	0
1639	2278	0
3791	2865	0
936	2227	0
2158	414	0
1407	1996	0
2931	1878	0
798	2927	0
2658	2655	0
827	666	0
622	141	0
2214	2155	0
2079	1949	0
1681	1680	0
264	263	0
582	414	0
2895	117	0
1982	3757	0
1274	140	0
1278	1783	3
2053	2731	0
667	1440	0
2860	2345	0
1770	1769	0
3012	3827	0
3300	1795	0
2926	1941	0
3216	3215	0
1088	1078	0
1440	896	0
759	1958	0
1743	1742	0
1555	2363	0
219	3233	0
207	931	0
1386	995	0
1291	2143	3
137	613	0
295	1744	3
2195	1148	0
1972	2142	0
2000	1999	0
3430	622	0
2034	3131	0
1372	2800	0
3073	3072	0
1086	864	0
871	1351	0
2530	2430	0
1318	2273	0
2061	2060	3
2813	2250	0
1300	513	0
1114	2497	0
3013	1090	0
220	1476	0
472	1232	0
1869	2267	0
673	148	0
34	2560	0
1072	900	0
1430	1429	0
776	643	0
1546	1676	0
1802	235	0
2993	3778	0
2571	772	0
1136	2835	0
311	1975	0
933	3800	0
458	348	0
141	2556	0
975	2612	0
1614	2926	0
293	2203	0
509	3507	0
1765	946	0
523	3817	3
2993	1117	0
2755	1531	0
1329	1196	0
2737	2482	0
1444	1024	0
2431	757	0
3012	2542	0
1789	2178	0
1213	472	0
775	774	0
931	3713	0
139	3805	0
2574	122	0
738	3171	0
1678	2856	0
2994	3150	0
2884	2883	0
460	1322	0
820	819	0
1950	903	0
907	906	0
49	48	0
105	2196	0
2596	121	0
2541	2673	0
662	3725	0
676	314	0
324	1643	0
2457	2427	0
3720	1046	0
630	2225	0
1048	1272	0
3044	1020	0
2345	3814	0
3534	1488	0
1427	1426	0
2482	2481	0
1455	3746	0
2664	408	0
415	2730	0
3733	1009	0
400	1968	0
3751	1853	0
657	1785	0
3826	1244	0
551	3036	0
330	1651	0
1944	206	0
230	231	0
1621	2208	0
35	595	0
3287	779	0
944	2241	0
1309	17	0
1152	3326	0
2037	2782	0
901	2111	0
2601	388	3
1274	1392	0
1067	595	0
634	364	0
1158	1431	0
1892	2922	0
412	1815	0
587	3114	0
1595	1590	0
371	2560	0
859	1547	0
1584	144	3
2827	36	0
1898	1897	0
2074	2730	0
3294	1465	0
988	2328	0
1304	364	0
384	206	0
1050	2056	3
865	3528	0
1143	1835	0
1051	1755	3
2259	414	0
1045	1726	0
220	1074	0
479	430	0
644	643	0
156	424	0
1134	567	0
1279	1278	0
310	248	0
1079	2876	0
1282	2730	0
2368	1889	0
1670	2567	0
1810	1809	0
2810	752	0
2495	3651	0
57	1271	0
2373	815	0
3499	2078	0
1395	181	0
858	1132	0
780	2340	0
1407	2329	3
573	572	0
2695	112	0
1675	568	0
1471	273	0
157	384	0
1213	3695	0
2974	1746	0
81	2841	0
1711	1567	0
2036	1740	0
3146	1417	0
2317	3671	0
3273	1026	0
915	914	0
1876	2157	0
1741	3337	0
1091	513	0
884	3654	3
1620	363	0
1717	2981	0
931	358	0
470	66	0
1802	1661	0
21	500	0
818	817	0
3325	1308	0
2804	327	0
487	1539	0
199	1403	0
1148	41	0
0	1814	0
1944	1943	0
2841	283	0
1527	2330	0
871	1889	0
1405	1416	0
2091	2041	0
192	3571	0
1703	1702	0
1088	2508	0
2016	2015	0
911	910	0
1949	3625	3
781	1019	0
86	3294	0
2499	1323	0
939	2033	0
523	572	0
1713	1510	0
2367	2982	0
750	749	0
229	3308	0
3341	2955	0
3671	2317	0
1740	2036	0
1076	1953	0
465	634	0
2358	1143	0
2579	1744	0
1271	324	0
1593	135	0
2746	1865	0
1483	1749	0
2107	2106	0
417	785	0
598	1815	0
2355	2560	0
504	1270	0
2622	3042	0
3434	1651	3
2525	2688	0
2502	1100	0
3126	129	0
3828	3255	0
2189	2481	0
169	3633	3
420	1555	0
471	268	3
414	3638	0
2935	532	0
815	2728	0
532	1869	0
1922	3489	0
3785	2414	0
2162	782	0
720	364	0
3791	168	0
2941	2940	0
1585	587	0
709	908	0
553	1787	0
727	3858	0
3309	971	0
99	709	0
2129	946	0
1006	606	0
123	1094	0
657	806	0
1412	3524	0
2856	397	0
0	3647	0
3341	3345	0
576	2413	0
2865	3791	0
1006	3828	0
1917	719	0
1917	1952	0
2211	1109	0
140	139	0
1721	55	0
2414	1942	0
2210	3242	0
545	133	0
1726	1045	0
705	1707	0
1196	2783	0
2208	1845	0
864	2178	0
2644	384	0
1462	374	0
1362	1361	0
1855	655	0
1365	2088	0
1287	2379	0
996	1386	0
1625	58	0
1398	3042	0
2394	1322	0
553	1410	0
739	1377	0
1198	1197	0
722	3439	0
3392	3473	0
2933	858	0
1026	3847	0
708	707	0
596	50	0
2575	2046	0
1738	489	0
1416	1393	0
976	975	0
36	3632	0
2052	261	0
1994	1993	0
1088	2780	0
2813	2812	0
2930	1294	0
1497	1154	0
958	1298	0
1476	220	0
2201	424	0
2250	3500	0
2699	4	0
903	3162	0
2847	3311	0
20	484	0
711	1370	0
955	563	0
501	2738	0
2455	3149	0
3281	259	0
2487	337	0
104	2354	0
630	3555	0
3104	861	0
27	2913	0
1447	854	0
771	2277	0
