7940
0	1	0
2	3	1
4	5	0
6	7	0
8	9	0
10	11	0
12	13	0
14	15	0
16	17	0
18	19	2
20	21	0
22	23	2
24	25	2
26	27	0
28	29	0
30	31	2
32	33	0
34	35	0
36	37	0
38	39	2
40	41	0
42	43	0
44	45	2
46	47	2
48	49	0
35	50	0
51	52	1
53	54	0
55	56	3
57	58	2
59	60	0
61	62	0
63	64	0
65	66	0
67	68	3
69	70	0
71	72	3
73	74	0
75	76	0
27	77	3
78	79	0
2	80	1
81	82	0
83	84	0
85	86	2
87	88	0
89	90	0
91	92	0
93	94	0
95	96	2
97	98	2
99	100	0
101	102	3
103	104	2
105	106	4
107	108	2
109	110	0
111	112	0
113	114	0
115	116	0
117	118	2
119	120	0
121	122	0
123	124	2
125	126	0
127	128	0
129	130	0
131	132	0
133	134	0
135	136	0
137	138	0
139	140	0
141	142	1
143	144	0
145	146	0
147	148	0
149	115	4
150	151	2
152	153	5
154	155	2
156	157	2
158	159	2
160	161	0
162	163	0
164	165	0
166	167	1
168	169	0
170	171	0
172	173	0
174	175	2
176	177	2
178	179	2
180	181	2
182	183	1
184	185	0
186	187	0
188	189	0
190	191	0
192	193	0
194	195	2
196	197	0
198	150	0
199	71	3
200	201	0
202	203	2
204	205	0
206	207	2
208	209	2
210	211	0
212	213	0
214	215	0
216	217	6
218	219	0
220	221	4
222	128	0
223	224	2
225	137	2
226	227	2
228	229	2
230	231	6
232	233	0
234	235	0
236	237	2
238	239	2
240	241	1
242	243	0
244	245	2
246	247	0
248	249	4
250	251	0
252	253	2
254	255	0
256	257	0
258	259	6
260	261	0
262	75	0
263	264	0
265	98	2
266	267	2
268	269	3
270	271	2
272	273	0
274	101	0
275	276	3
277	278	0
279	280	3
281	282	2
283	284	0
285	286	0
287	288	0
289	290	0
291	292	2
32	293	2
294	221	2
295	296	3
297	298	2
299	300	0
301	302	2
303	304	1
305	41	0
306	307	0
308	309	2
248	310	0
311	312	2
313	314	0
315	316	6
229	317	0
318	319	0
320	321	2
322	323	3
324	325	2
101	274	0
326	327	0
52	328	2
329	330	0
331	332	0
333	334	0
335	111	2
336	337	0
338	339	0
340	341	2
342	343	3
71	199	3
344	345	2
346	347	2
348	349	0
350	351	0
352	353	0
354	355	1
356	357	2
358	359	0
129	360	2
361	362	2
363	364	2
365	212	0
366	295	3
367	368	0
369	370	0
371	372	0
221	373	4
374	375	0
376	377	0
378	379	0
380	381	0
382	383	2
358	384	0
385	386	0
272	387	0
71	388	3
389	390	2
391	392	2
393	394	2
395	396	3
397	161	0
398	399	0
400	401	0
402	403	2
404	405	0
406	407	0
408	409	0
410	267	0
176	305	0
411	412	0
413	414	0
415	416	0
417	418	2
419	238	2
420	421	2
422	158	0
423	424	3
195	425	2
426	427	0
266	428	0
429	430	0
431	432	2
433	434	0
333	435	2
436	437	0
438	399	0
439	440	0
441	442	0
443	444	6
4	36	2
445	195	2
446	447	0
448	449	0
450	451	0
452	364	2
453	454	2
417	455	0
456	457	0
458	459	0
58	460	0
140	461	2
462	463	0
464	465	2
466	467	0
468	469	5
470	471	0
472	358	0
473	474	0
475	476	2
477	478	0
430	479	0
480	415	2
436	481	0
264	482	0
483	484	6
485	486	0
487	488	0
489	490	0
73	491	0
492	493	0
494	495	2
496	497	0
498	499	0
500	484	6
501	476	2
502	503	1
504	505	0
506	507	2
508	509	0
510	511	2
352	300	0
512	513	0
514	175	2
515	516	3
517	518	0
519	520	0
521	522	0
523	59	4
524	525	0
526	527	3
4	528	0
529	530	3
68	531	6
137	532	0
27	533	3
534	175	2
535	536	0
537	538	2
539	425	2
27	540	3
541	542	0
543	544	0
133	545	0
546	369	0
547	548	2
336	549	0
550	425	2
551	552	2
553	554	0
29	555	0
556	557	3
558	559	2
560	561	2
562	563	4
564	565	0
566	567	0
568	569	0
570	571	0
572	573	0
95	574	0
575	576	0
577	578	0
387	579	2
580	581	0
110	109	0
582	14	2
583	584	1
585	559	0
586	587	0
588	589	0
590	591	1
455	592	2
593	594	0
595	596	0
597	598	2
599	600	0
601	516	0
240	602	1
603	604	2
605	606	0
607	608	0
609	610	1
611	383	2
612	393	1
613	614	0
615	616	2
617	269	3
618	619	2
620	621	0
622	623	3
624	625	0
465	626	0
627	628	0
629	630	0
631	632	6
633	457	0
634	635	2
636	631	0
637	175	2
638	639	0
640	641	0
642	507	0
643	644	0
645	646	0
647	648	0
11	649	2
650	651	2
652	653	2
654	655	0
656	520	0
657	658	2
334	659	0
252	660	0
661	662	3
663	664	2
665	666	0
667	668	2
669	670	0
414	413	0
671	672	2
673	674	0
675	676	0
141	677	1
421	678	2
679	680	1
681	682	1
683	684	2
685	686	2
687	688	0
689	690	0
691	692	0
693	694	2
695	696	2
697	698	0
699	59	0
700	268	0
701	702	0
666	406	0
703	704	2
230	705	0
706	96	2
707	708	0
709	710	0
711	299	0
712	468	0
713	714	3
715	716	2
717	718	0
719	334	0
465	720	0
721	722	0
723	724	2
725	726	0
727	728	0
47	729	2
730	731	4
732	733	2
734	484	6
735	736	6
737	587	0
738	739	0
740	107	6
741	742	1
743	447	0
744	47	2
745	746	1
747	748	0
749	750	0
751	752	0
753	754	1
755	756	2
757	758	0
759	45	2
760	405	0
761	524	0
762	543	0
299	763	0
7	6	0
764	765	0
766	767	0
16	371	0
768	463	0
623	769	2
770	771	0
772	773	0
774	775	0
776	777	2
778	670	0
779	780	0
781	782	0
783	784	0
785	417	0
786	787	2
788	47	2
789	790	0
791	792	0
793	137	4
794	795	0
796	761	0
608	797	2
798	346	0
799	79	2
165	800	0
573	801	2
802	803	0
398	804	0
649	805	2
141	806	1
807	808	2
679	809	0
810	811	0
513	812	2
30	813	1
814	815	0
649	56	0
816	384	0
817	818	0
819	820	0
821	822	0
823	824	0
825	826	2
407	827	2
828	829	2
203	722	2
830	379	2
831	465	2
832	833	3
84	83	0
607	834	2
835	519	0
836	837	0
838	839	0
484	840	2
841	842	6
843	844	2
845	846	0
847	848	0
849	850	0
851	852	4
853	359	2
854	855	0
856	259	6
857	858	0
859	860	0
861	862	4
863	864	0
865	430	0
866	867	0
868	375	0
262	869	2
546	870	2
138	871	2
81	872	4
873	874	2
875	876	0
372	877	0
878	879	1
880	881	0
882	657	0
883	884	0
388	71	3
885	886	6
887	888	0
889	890	2
891	892	2
893	894	0
240	895	1
896	897	0
898	899	0
900	901	0
902	903	0
904	905	2
906	907	0
908	909	0
910	911	0
912	913	7
914	915	0
563	916	0
917	918	7
919	920	0
921	826	2
922	923	0
924	413	0
925	901	0
926	927	2
708	663	0
928	929	0
930	931	2
932	289	0
933	196	4
923	934	0
935	936	0
134	937	0
938	939	1
617	940	3
720	941	2
942	943	0
944	803	2
945	946	2
501	947	0
334	689	0
948	949	4
950	657	2
508	951	0
142	952	2
953	461	6
954	484	6
955	956	0
957	958	3
93	845	0
182	959	2
913	957	3
87	298	2
523	960	2
961	962	1
963	964	0
965	364	0
364	626	0
966	967	2
968	969	0
233	232	0
148	970	2
971	972	0
973	974	0
21	20	0
975	976	2
977	579	0
770	978	2
979	980	0
44	981	0
248	982	2
983	984	2
985	986	2
987	988	0
989	990	0
991	992	0
993	994	2
995	996	2
833	957	3
997	50	0
663	708	0
998	999	1
1000	1001	0
923	1002	0
1003	1004	0
67	1005	0
1006	1007	2
1008	1009	2
1010	867	0
1011	651	2
1012	1013	2
1014	391	2
409	408	0
249	248	4
240	1015	1
1016	862	4
1017	1018	2
1019	1020	0
216	198	0
1021	1022	0
1023	791	0
1024	1025	0
1026	1027	0
1028	928	0
1029	1030	2
1031	1032	1
184	1033	0
1034	1035	0
1036	1037	0
1038	1039	0
1040	1041	2
1042	1043	0
1044	1045	0
935	364	2
631	636	0
1046	1047	0
280	279	3
1048	1049	2
454	561	0
587	143	0
1050	1051	3
956	955	0
1052	46	0
1053	195	2
1054	1055	0
220	1056	0
1057	235	2
191	190	0
1058	1059	2
1060	1061	0
399	1062	2
1063	484	6
1064	1065	2
1066	1067	0
302	1068	0
184	1069	0
1070	1071	2
1072	866	2
1073	1074	0
1075	673	0
1076	1077	0
1078	1079	0
1080	1081	0
1082	1083	2
1084	1085	0
1086	1087	2
1078	1088	0
698	1089	0
1090	1091	0
282	1092	0
596	595	0
1093	1094	4
1079	1078	0
754	1095	2
588	1096	0
1097	1098	0
1099	851	2
1100	763	0
1101	234	0
1102	1103	0
1104	335	2
0	1105	2
37	1106	0
1107	323	0
122	1108	0
858	1109	0
1110	1111	0
1041	357	2
1112	1113	2
1114	974	2
1115	632	6
859	1116	2
1117	1118	0
1119	1120	0
573	1121	0
1122	1123	0
899	1124	0
812	1125	0
1126	1003	2
1127	1128	0
165	1129	0
1130	1131	0
1132	1133	1
79	978	2
187	1134	2
1135	1136	0
1137	1138	0
420	1139	0
1140	1141	0
567	1142	4
875	1143	2
1144	1145	0
1146	1147	0
1148	1149	0
1150	1151	1
1152	1153	2
1154	1155	0
1156	1157	4
1016	257	4
276	1158	3
1159	296	3
1160	1161	2
1162	1163	0
384	1164	0
116	115	0
1165	1166	3
1167	1168	2
958	913	3
1169	1170	0
1171	439	0
1172	955	0
1173	1174	2
165	1175	0
320	992	0
268	700	0
843	418	0
323	1107	0
725	1176	0
134	1177	0
1178	1179	4
1180	1181	2
1182	1183	0
1069	1184	2
578	1185	0
1186	1187	0
1188	1189	0
1190	1191	2
1192	1193	0
1194	444	6
1195	1196	0
1197	1198	0
1199	1200	2
1201	1202	0
1203	1204	2
990	989	0
1205	1206	0
1207	1208	2
1209	1210	2
1074	1073	0
1211	1001	0
1212	772	0
1213	1214	0
1215	1216	2
1217	684	2
1218	413	0
992	320	0
418	1219	0
1220	1221	0
342	1222	3
66	1223	0
395	1224	0
1225	1226	2
244	1227	5
339	338	0
1228	1229	2
1230	117	0
1231	1232	0
1233	343	0
543	1234	2
1235	465	2
1236	1237	6
1238	909	0
1239	1240	2
646	1241	0
1242	418	0
1243	1244	2
1089	698	0
1245	1246	2
1028	1247	4
1162	1248	0
322	1249	0
824	1250	0
141	780	1
358	1251	0
1252	1253	1
939	1254	2
1255	714	3
526	1256	2
1257	1258	0
1259	1260	2
1261	1262	4
1263	1264	2
675	313	0
679	1265	1
1266	1267	0
1268	1269	2
1270	485	0
1271	1272	0
1256	1273	0
1274	1275	0
530	53	3
1046	1276	0
413	1277	0
1278	1279	0
153	1280	5
1281	1282	2
1283	265	2
564	364	2
674	673	0
1284	415	0
1285	1286	0
1287	625	0
1288	1289	2
1043	758	0
1290	1291	0
1292	1244	0
1293	238	2
1110	1294	2
125	594	2
175	1295	2
1296	1297	0
83	932	0
1298	1299	2
513	1300	0
1301	1302	2
53	1303	3
542	541	0
1304	1305	0
1306	1307	2
1308	364	2
1309	1310	0
1311	1312	2
146	29	0
1313	1314	2
905	1315	1
1316	1207	0
1317	1191	2
1318	434	2
545	830	0
556	1319	0
88	1320	0
1321	1322	0
413	1218	0
1323	1324	0
1325	756	2
1326	1327	0
1328	1329	0
1330	1331	0
1332	225	0
128	222	0
1333	1232	2
1334	1335	0
1336	1337	0
1338	1339	2
797	1340	2
1341	1148	2
1342	1288	0
1343	1344	2
1345	1346	0
84	224	2
1347	1348	0
1349	227	0
1350	691	2
1351	1352	0
1353	1354	0
1355	1356	4
1357	1358	2
1359	1360	0
406	551	0
1241	267	2
1361	1362	0
1195	1363	2
1364	1134	2
1365	1366	3
1367	1368	0
1369	1370	0
1371	117	0
1372	1373	0
407	1374	0
1375	1058	0
1376	1377	0
1378	1062	0
900	1379	0
406	845	2
818	770	2
1380	1381	0
1382	1383	3
1384	1385	2
1386	1387	0
1388	1389	2
209	1390	0
1256	155	0
1391	401	0
1392	1274	0
209	1393	0
770	1394	0
181	1395	0
262	689	0
1396	356	2
890	1397	2
1398	1399	2
1051	1400	3
1401	1402	0
1403	199	0
936	1038	0
1404	901	0
1079	1405	2
1406	1401	0
1407	1408	3
163	1409	0
1410	554	4
1411	1412	0
874	1413	2
1414	1415	1
1416	1078	2
1417	509	2
761	1418	0
1419	364	2
1121	573	0
1420	1421	2
482	264	0
35	12	0
1422	599	0
1423	1424	2
1425	1127	0
1426	1427	0
428	328	2
115	1428	0
1429	1430	0
1431	1432	2
571	1433	0
13	12	0
105	1434	4
310	249	0
342	1435	3
1436	1437	0
864	1438	0
1439	812	0
1032	746	1
896	1440	0
1441	92	0
375	845	2
167	826	2
1236	590	1
1442	1443	0
950	882	0
1444	1445	0
169	1446	3
1447	1448	0
1449	1450	2
1451	1452	0
436	920	2
1453	1454	0
466	1340	2
1455	1374	0
35	1456	0
1457	1458	2
1207	1316	0
1459	1460	0
169	168	0
1113	412	0
1461	1462	0
917	1463	3
1464	1465	0
1466	1467	1
130	756	2
27	1468	3
1469	88	2
1470	217	6
1471	1472	0
1473	299	2
1474	454	2
278	454	2
1475	1476	2
1477	199	3
1478	1256	4
1479	1480	0
1256	752	2
1481	1482	0
1414	1150	1
1483	568	0
1484	115	0
384	651	0
1485	1285	0
1147	1146	0
989	1486	0
50	1067	0
1487	1488	0
1489	1490	2
1491	756	0
534	1492	1
1	0	0
1493	349	2
1494	1495	0
1496	1131	0
1154	1497	0
1373	1498	0
1499	771	0
1096	486	0
1500	1501	0
57	420	0
319	318	0
1502	137	0
858	1503	0
1504	175	2
1505	1294	0
169	1506	0
393	1507	1
1508	1509	0
1478	1021	0
1510	850	0
847	1511	2
1512	1115	0
279	1513	0
872	81	4
1514	1245	0
711	1515	0
1516	1517	2
1318	1437	0
1068	1518	0
575	630	0
198	1519	6
1520	1398	0
1521	1522	0
1523	347	2
17	1309	0
64	329	0
1524	182	2
1525	1526	2
1527	1350	0
1509	1508	0
418	1528	0
1529	531	2
331	1530	0
1531	1175	0
1532	1533	0
687	1534	0
1535	1536	0
1537	1538	3
1281	1539	0
259	1436	2
1540	300	0
1541	1542	0
384	816	0
30	693	1
1543	175	2
1544	1545	2
1546	468	3
776	1098	0
1547	859	0
1548	1549	2
1550	1551	0
1552	1449	0
539	1553	1
1279	756	2
1554	1555	0
1556	1557	2
671	254	0
1558	1559	2
1560	1143	2
1344	347	2
1561	1562	0
1563	1564	0
974	973	0
891	1565	0
1566	1567	0
841	19	2
640	1568	0
900	1569	0
1570	1571	1
1572	1573	2
551	406	0
1574	250	6
1575	822	3
244	1576	6
1577	1578	0
1579	937	0
1576	907	0
1155	1154	0
1580	1581	0
1582	1583	2
1584	1585	0
1171	340	0
240	1586	1
1587	1588	2
1589	1590	2
1591	1592	2
442	565	2
1149	1338	0
447	743	0
135	1593	0
1462	1594	2
59	699	0
1595	1596	0
877	1597	2
1598	1599	2
1600	1083	2
136	1601	2
1602	1171	4
542	1603	0
1276	709	2
1604	1605	2
1606	1607	0
1196	1608	0
1133	425	2
1020	1609	0
414	1610	0
1611	1612	0
1613	562	2
1164	1614	0
1615	104	4
1616	1617	0
1618	58	0
192	1619	0
1542	1620	2
1621	435	0
1622	1623	2
848	847	0
1043	1574	0
169	1624	0
1625	1123	0
1626	617	0
846	1627	2
148	260	0
1628	1629	0
1141	561	2
724	1576	6
820	722	2
1630	815	0
1120	1119	0
18	1631	0
1513	279	0
1632	1477	0
1633	994	0
1634	1635	0
1636	1637	0
1236	842	6
220	1638	4
1639	1640	0
1641	128	0
1642	1449	0
1643	324	0
213	212	0
1644	747	2
1299	957	0
1562	1561	0
1645	1331	0
545	134	2
1646	1473	2
1647	852	4
201	1648	0
1404	1649	0
329	64	0
1061	1385	0
1650	622	2
596	349	0
13	1066	0
1651	1652	0
211	1653	0
1654	1003	2
1655	27	2
1656	1657	0
27	1658	3
938	1659	0
1660	1661	0
1455	406	0
1662	1663	0
1664	1665	2
1666	941	2
1667	1668	0
1669	1670	2
189	1572	0
1671	676	0
1672	384	2
1673	1674	2
1020	1019	0
568	1675	0
1676	692	2
496	1510	0
1677	1678	2
137	1679	0
1165	623	0
1680	1681	0
1028	1682	0
27	1683	3
1684	323	3
1572	189	0
1685	1686	2
852	1687	0
1688	1689	4
1690	1546	0
1038	1691	0
1692	1137	0
1693	1694	0
822	1575	3
1695	488	4
858	752	2
1696	1697	2
369	546	0
872	851	2
1698	1699	2
1700	1701	0
1702	1703	0
1704	1705	1
1706	103	0
1707	230	4
457	246	0
1708	348	2
781	169	2
327	1709	0
1370	1369	0
1710	1012	0
1115	1417	0
1254	1413	2
1567	1711	0
299	1712	1
1510	1713	0
1714	826	2
1715	1716	2
1362	368	2
1675	1717	0
4	484	6
647	997	0
1440	756	2
819	1065	2
1718	79	0
1719	209	2
1279	1720	0
1721	1722	2
1649	1723	2
432	96	2
1109	1724	0
1045	1725	0
1726	347	2
1727	865	0
1547	1728	0
1729	1730	0
1483	1717	0
1720	1279	0
1731	101	2
1732	560	2
1733	529	3
1734	1437	4
1735	88	2
1736	1737	0
489	1738	0
1739	661	3
1740	1647	0
1741	137	0
1742	1743	0
1744	71	3
1745	1746	0
1191	425	2
964	1747	0
679	1748	1
1749	1675	0
1307	1420	1
1750	889	2
1431	1751	0
1289	1752	0
800	165	0
1753	696	2
1754	868	0
56	1755	3
1756	1757	2
1758	1759	0
16	1760	0
1137	1761	0
1762	1763	0
1532	1764	0
1765	1766	0
842	1656	1
220	1767	2
903	1768	2
1769	1770	0
1771	1148	0
1772	1773	0
1774	722	2
1775	1776	2
1777	57	0
361	1365	0
1778	137	0
1779	109	2
1780	1781	0
135	25	2
726	1782	2
1783	1784	0
1143	1724	2
1785	1786	0
1787	761	2
1202	1196	0
1264	1788	0
1372	1789	2
1416	1790	0
1791	1792	0
1793	1794	2
1795	1796	1
1797	1798	0
269	268	3
1799	1800	2
1801	1802	0
1803	1793	0
276	275	3
1804	720	0
1247	1805	0
1806	639	2
1807	1808	0
1809	1810	0
1811	1812	0
113	663	0
1103	1102	0
1702	1310	0
1236	1813	1
1401	994	0
1305	364	2
834	608	0
388	713	3
2	425	2
569	568	0
771	1177	0
1814	1232	2
587	1585	0
1815	1816	0
1817	1404	0
1818	1819	2
371	63	0
1820	1821	2
910	175	2
495	1822	0
1823	587	0
1824	1825	0
53	1826	3
71	1744	3
1595	1827	4
1828	654	4
1043	1411	0
1829	1830	2
1831	1832	0
1833	848	0
1834	1835	2
1836	1837	2
1838	364	2
92	1839	0
1505	1840	0
536	1841	2
1842	1843	3
1844	581	0
1845	1846	2
1322	1386	0
1847	1848	0
1609	1020	0
1003	34	0
1849	1850	0
1851	1852	0
1853	20	2
1854	1070	2
1855	654	4
1856	264	0
133	1857	0
1412	92	2
1858	1734	0
993	1859	0
800	1347	2
1106	1860	2
1861	1862	0
1863	1477	3
1864	968	0
1780	1865	2
487	1241	0
1866	1333	2
1867	1868	0
1869	532	0
1257	1870	3
1871	1872	2
1233	1873	0
1789	359	2
343	1874	0
1875	1191	2
1876	1129	0
1877	560	2
173	1878	0
1879	927	2
1880	1881	6
532	1882	2
1883	1884	1
23	739	2
45	978	2
922	702	2
992	991	0
1885	1886	0
541	1125	0
1887	1888	0
1889	871	0
1890	1446	2
1891	1892	2
1893	839	2
1197	1894	2
1895	1896	0
1897	1898	0
1899	1900	2
103	1706	0
1901	457	0
1170	1169	0
1902	960	2
702	701	0
1718	1815	0
1903	858	0
1904	1905	0
542	1125	4
1906	1907	1
467	472	0
41	305	0
734	1889	2
1908	1909	0
1910	1576	6
1911	288	2
1912	238	2
1913	696	2
1654	1383	0
1914	1915	0
1916	1917	2
1767	1569	0
1652	1651	0
1918	621	6
1062	1919	0
1046	1920	0
1921	1922	0
1923	279	3
1924	1652	2
1925	1926	2
854	1311	0
20	459	0
1054	1009	0
379	378	0
1732	73	0
1927	592	2
1928	711	0
1786	1785	0
169	1929	0
1930	1931	2
587	1932	0
1438	1933	2
35	1066	0
1232	472	0
1934	941	2
1935	952	2
381	1936	2
961	1937	2
661	1739	3
110	1938	0
1939	1940	1
1941	599	0
782	1506	2
1909	1908	0
1322	1321	0
1942	364	2
1234	762	0
1158	529	3
1943	1944	0
1790	1945	0
1946	1503	2
1401	1947	0
1948	1453	0
1744	556	3
1202	1949	0
1802	1801	0
1197	1950	0
1519	1951	2
1952	1917	0
1788	1264	0
980	104	0
1114	973	0
1953	1076	0
681	1954	1
1955	1648	2
1233	560	0
691	1294	3
1956	1028	0
915	1957	0
1958	759	0
670	1173	0
1611	1754	0
992	1959	2
1960	1961	0
1962	815	0
739	1963	1
435	1621	0
871	1639	0
1964	12	0
150	286	0
1965	1966	0
1401	1614	0
1967	1743	0
1968	689	0
1738	105	0
495	1969	0
1970	411	0
934	923	0
1971	621	0
791	1023	0
1010	1455	0
434	1972	0
1973	1974	2
1975	311	0
27	1976	3
240	1977	1
1978	1452	0
424	156	0
1979	1046	0
1615	1980	0
341	1246	2
1966	1981	0
1982	1983	0
1984	473	0
1985	1051	0
1986	1985	0
1987	696	2
1920	1046	0
1988	1989	0
804	1990	0
200	1991	0
1992	1252	2
1993	1994	0
1414	1995	1
1996	1407	0
378	1997	0
1998	692	2
1231	1213	0
1999	2000	0
2001	2002	2
2003	1664	0
2004	2005	0
2006	1065	2
1340	1050	0
2007	1223	0
1154	1352	2
2008	2009	2
1102	2010	0
1100	2011	2
140	2012	0
832	958	3
861	2013	0
1531	1426	0
781	2014	0
2015	2016	0
2014	1929	2
2017	932	0
731	1259	0
2018	1368	4
571	2019	0
581	580	0
2020	2021	2
1521	423	2
716	623	0
1994	359	2
2022	2023	2
2024	756	0
2025	306	0
2026	2027	0
50	35	0
1656	195	2
1636	2028	2
2029	2030	1
689	1968	0
2031	2032	0
2033	2034	2
1327	1326	0
457	2035	2
1123	1122	0
76	689	0
1317	537	1
2036	1713	0
2037	415	0
2038	2039	0
2040	2041	0
2042	487	0
2043	2044	2
2045	842	6
279	1923	3
571	2046	2
2047	835	0
467	1231	0
1612	868	0
1178	1860	2
2048	117	2
2049	383	2
2050	726	0
1294	2051	0
363	1620	0
148	2052	0
2053	378	2
2054	1579	0
2055	258	2
98	1404	0
1051	2056	3
1595	2057	0
1033	184	0
563	562	4
2058	2059	0
2060	2061	3
552	1669	2
2062	762	2
91	2063	0
679	2064	1
130	2065	0
2066	1475	2
2067	27	2
1497	349	0
17	16	0
35	1146	2
947	58	2
1343	2068	0
2069	1847	0
818	2070	0
538	182	2
2071	2072	3
2073	2074	2
1681	2075	2
1800	1003	0
2076	1761	4
765	1338	2
271	1307	2
758	757	0
2077	2078	0
1201	2079	0
925	412	2
2080	2081	2
308	933	0
734	2082	0
2083	2084	2
875	2085	0
2086	1816	4
2070	818	0
29	1210	0
2087	1654	0
1975	1143	2
2088	1365	0
2089	461	2
1754	2090	0
1331	359	2
1835	1143	0
997	647	0
2091	342	0
1588	2092	2
2093	78	4
931	207	0
2094	1014	2
457	2095	0
307	306	0
843	417	0
2096	636	2
335	1525	1
2097	1791	0
2098	1066	0
2099	480	0
749	622	2
1273	1926	2
1022	1021	0
1022	1256	2
2100	2101	0
2102	2103	2
2104	2011	0
1597	347	2
1728	1547	0
2105	871	0
1963	905	2
2106	2107	0
2108	2109	2
1412	1441	0
101	2110	0
2111	1373	0
1759	88	0
1196	1195	0
93	773	2
1978	2112	0
665	2026	2
2113	1765	2
2114	2115	2
88	86	0
392	654	0
2116	2117	2
2118	710	0
1647	2119	4
368	631	0
1768	755	2
1179	1178	4
2032	2031	0
1784	1783	0
35	647	0
2120	129	0
2107	2121	2
2122	1766	2
249	310	0
1157	1156	4
1870	2123	3
951	2124	2
724	359	2
2125	2126	2
2127	2102	0
366	2128	3
946	2129	0
506	1604	0
327	2130	0
901	925	0
2131	553	0
1755	884	3
2132	1242	0
2133	465	2
1278	1685	0
2134	484	6
2135	858	0
1414	2136	1
489	1787	2
1403	1650	0
1248	1162	0
300	352	0
2137	2138	0
610	2139	1
1747	964	0
1241	2140	0
2141	357	0
2142	434	0
306	1773	0
2143	1291	3
2144	159	0
1983	1982	0
2145	2146	2
1709	327	0
2147	1442	0
1108	735	0
1334	2148	2
918	917	7
2149	1595	2
1127	1425	0
411	1816	0
2150	1153	2
1906	2151	1
850	2152	1
2153	1170	0
2110	2154	0
534	2155	1
2156	692	2
2157	1012	2
414	2158	0
2159	716	2
951	2160	0
2161	328	2
2162	1609	0
2163	1770	0
1033	1416	0
723	2164	0
1356	1355	4
2165	285	0
1950	1197	0
1563	1280	0
1641	619	2
180	1395	0
2166	1040	1
2167	2168	2
137	793	4
2169	1191	2
1144	2170	0
1619	192	0
1771	2171	0
1386	2172	0
2173	658	0
2174	2175	0
1975	2176	0
1676	6	0
2177	262	0
1025	1445	0
155	1256	0
2178	1789	0
2027	2179	0
2180	396	3
1793	2181	0
2182	1809	2
609	2183	1
1192	2184	0
2185	2186	0
2187	2188	0
457	456	0
2189	1703	0
2190	2191	2
1575	1733	3
1278	2192	0
2193	937	0
2194	826	2
1770	2163	0
1816	411	0
2195	2171	0
2196	2109	2
468	712	0
294	981	3
2197	375	2
2198	269	3
2012	2199	2
1718	2200	4
2201	156	0
2202	230	2
2203	2204	2
233	2205	0
2206	756	2
1784	1685	2
2207	383	2
2208	1621	0
975	2209	0
488	1695	4
1196	1202	0
1126	1168	0
2210	495	2
2211	857	0
681	2212	1
1116	2213	2
199	2214	3
2215	2216	2
2217	1035	0
2218	342	3
79	1970	0
989	2219	0
2220	647	0
2221	2001	0
1968	2222	0
2048	2223	0
413	1720	0
1198	1950	2
71	2224	3
740	486	2
2223	2048	0
2225	630	0
1526	2226	2
2227	2228	7
496	2229	2
2230	2231	2
67	2232	0
1609	2162	0
2233	2234	0
2235	711	0
2236	207	2
378	818	0
2237	2238	0
2239	2240	1
2241	2242	0
804	398	0
2243	1307	2
230	2244	0
835	2047	0
929	928	0
2186	2245	0
1285	2246	2
2247	423	0
2220	2006	0
1768	1453	0
1222	342	3
19	1362	0
2248	2062	0
2249	1143	2
1171	2250	0
2251	1413	2
1281	783	0
1024	2252	0
1477	713	3
2253	2254	0
1239	2255	0
2256	2257	6
1698	1028	0
1929	169	0
1249	616	2
2258	2071	0
257	1016	4
2259	2260	2
2261	165	0
83	2262	2
186	1917	0
2263	67	2
2264	2265	2
875	1834	0
2266	2267	2
2054	2268	0
529	2269	0
250	335	2
166	2270	1
229	2271	0
998	1414	1
522	521	0
2272	952	2
2033	939	0
2273	1318	0
908	709	0
1339	756	2
861	256	0
2274	1103	0
2275	502	1
466	2276	0
2277	2054	2
2278	458	2
2	2279	1
1356	635	0
2280	2281	2
986	85	2
2282	2283	2
2134	2241	0
1628	454	2
2284	1070	2
2189	573	2
705	231	0
1711	2285	0
1945	1699	2
86	88	0
2286	1013	0
2287	1463	3
2288	1604	0
1241	487	0
1648	201	0
2289	658	0
596	2290	0
468	1546	3
1534	687	0
560	364	0
2291	2292	0
2293	2294	0
1785	2295	1
855	2242	2
396	2180	3
2296	2297	0
2298	2299	2
1261	414	2
433	1972	0
2300	1936	0
182	2301	1
2302	2303	2
2304	2305	2
737	2306	2
1516	2307	1
2308	632	6
2309	1287	0
2310	484	6
2311	152	2
2312	190	3
2063	92	2
176	2313	0
671	2314	0
1389	347	2
273	224	4
319	1276	0
2303	1450	2
2160	951	0
1398	2315	0
858	2316	0
2317	2318	2
1617	2319	0
2320	1804	0
529	1733	3
539	2321	1
1941	384	4
489	2322	0
1164	1473	2
896	2323	3
2324	1458	0
1763	699	0
690	1310	2
905	425	2
262	2177	0
2325	230	2
1531	2326	0
2327	615	0
75	230	2
192	59	2
539	2328	1
2329	2330	3
2331	169	2
998	2332	1
1066	35	0
110	4	2
2215	1947	0
773	715	0
268	471	3
2333	1170	0
230	1707	4
622	749	3
2334	2335	0
2336	461	0
1145	328	2
405	404	0
245	2337	2
477	2338	2
168	752	0
2339	773	0
2340	2341	2
2342	722	0
768	2343	0
884	1755	3
1190	1973	1
2344	544	0
2345	2346	0
2347	1576	6
1516	2348	0
542	1130	2
2349	1225	0
1705	2350	0
2351	1761	2
1852	1851	0
2352	2353	0
264	1592	2
2354	104	0
1713	2036	0
2169	1168	1
372	2355	0
2224	2356	0
2357	1872	2
2358	764	0
91	2359	0
423	1029	0
2360	2361	5
722	2362	2
2248	2249	2
1389	2246	0
430	1422	2
240	679	1
2363	1555	0
2364	1449	0
817	133	0
2365	1386	0
12	35	0
2366	1137	0
705	230	0
84	2367	0
842	359	0
1889	2368	0
2369	2370	2
1128	1127	0
2371	2372	0
2373	1701	0
1168	2374	1
2375	676	2
1880	768	0
2124	1296	0
34	2376	0
2377	1577	0
27	2378	3
1647	284	0
2379	1287	0
2380	2381	0
1526	15	0
2382	2124	2
2383	2384	0
2385	644	0
1635	1634	0
1155	2386	0
2387	484	6
2313	893	0
410	2388	2
1995	271	2
2389	2390	0
2348	2391	6
2392	2393	2
957	913	3
690	16	0
973	1114	0
21	621	2
2394	2031	0
1458	1781	0
1764	1532	0
2395	2143	3
2396	2186	0
2397	2398	0
2399	454	2
472	2400	0
303	2401	0
1237	2402	2
901	412	0
508	2403	0
597	799	0
580	383	2
2394	58	0
2197	2404	0
2405	692	2
1160	772	0
2406	2407	2
283	214	2
2408	1912	2
1349	2409	0
3	2023	2
2410	1604	0
2072	661	3
2411	2412	0
2413	576	0
1443	1793	0
1232	1231	0
1081	676	0
2414	2415	2
199	2416	0
562	956	4
104	1644	0
2160	1060	0
1249	2417	2
2418	2419	0
2034	1600	6
2166	2420	1
1582	1028	0
2252	1978	0
1642	2421	0
2422	1640	0
2081	2423	2
2424	2148	2
2425	2426	0
867	1010	0
2427	1614	2
449	864	0
260	148	0
687	1587	0
2428	2429	0
2430	1116	2
1043	2431	0
76	2177	0
2432	2140	0
2433	633	0
1842	2434	3
2080	734	0
1829	2369	1
73	1732	0
1833	891	0
2435	2436	0
575	922	0
2437	2438	2
2238	2237	0
2439	563	0
1932	587	0
1373	2111	0
2440	1604	0
2125	92	0
2441	1915	0
2426	2425	0
2442	121	0
2443	2391	6
0	1493	0
1628	2444	0
2445	2246	0
342	2091	0
2416	1650	0
2199	1518	0
273	272	0
635	132	0
1453	2446	0
2447	1241	0
1516	2448	0
499	858	0
169	2331	3
2128	366	3
782	2449	0
629	922	0
1272	1048	0
2450	779	0
2451	89	0
1441	1412	0
457	2452	0
1273	1256	0
2453	2189	0
2454	2455	0
2397	2106	2
2085	875	0
1648	2456	6
1235	2457	0
1120	977	2
1754	375	2
1300	2237	4
2458	2372	0
2459	447	0
2021	2460	0
724	1564	0
27	747	0
1959	2461	0
937	545	0
717	931	4
190	2312	3
2462	2094	0
2463	2464	2
2465	2466	0
317	2271	0
2467	2468	2
450	2469	2
596	2470	4
46	1052	0
1447	815	0
831	1108	0
2471	1886	1
2472	425	2
525	524	0
1036	2473	3
305	176	0
537	2474	1
418	1242	0
2475	484	6
216	2476	1
2477	2478	1
1878	173	0
2479	2480	0
2420	609	1
562	1017	0
1264	1450	0
2481	2482	0
2079	1800	2
1218	1277	2
942	2483	0
334	2177	0
243	2484	0
1892	2485	2
2486	421	2
134	1499	0
337	2487	0
985	1637	0
2111	214	2
2488	1132	2
207	2318	2
672	25	2
1769	113	2
2489	756	2
1577	260	0
240	2294	1
765	764	0
120	119	0
967	2490	2
2256	2491	0
1448	2492	0
2493	2494	0
1546	2495	3
2496	571	2
2497	1114	0
1247	2498	2
2499	2500	0
2501	2502	0
1689	1261	4
2503	347	2
2504	1121	2
51	1875	2
1237	2472	1
2505	2506	0
1807	2507	0
2508	1590	2
1543	1329	0
1106	37	0
2509	1623	2
1091	1130	3
834	1006	0
2423	2510	0
1509	2126	2
988	987	0
651	1614	0
130	129	0
1061	951	0
2511	913	3
1043	2512	4
539	2513	1
441	359	2
2514	27	2
459	458	0
679	2515	1
2516	2517	0
2518	517	0
2065	811	4
2519	2520	6
2164	2072	0
920	481	0
1660	2021	2
1718	2521	0
41	1148	0
1495	2522	0
235	2523	2
1272	2149	2
2524	998	1
2525	732	0
1120	979	0
1286	1285	0
2320	364	0
1946	587	0
2526	818	2
4	1063	0
1650	1403	0
2313	176	0
2092	2527	2
1781	756	2
1388	2528	0
2249	2509	0
2444	743	2
2529	2530	0
2531	2400	0
1245	1514	0
2532	159	0
2429	2428	0
2493	2533	2
2534	178	0
89	2451	0
2010	2535	0
1554	2536	2
2537	2226	2
2538	647	0
2539	1474	4
162	190	0
858	2540	0
53	530	3
1335	1069	2
1482	951	0
1283	630	0
2541	1761	2
1596	756	2
2542	2543	0
1307	1421	2
1025	2544	3
2545	415	0
1433	2546	2
1370	2547	2
2548	2549	1
2527	1104	6
566	2163	2
1158	1537	3
2550	1417	0
2551	2552	2
1098	2553	2
1562	946	0
2262	932	0
2278	1278	0
566	2523	0
2554	813	0
323	296	3
66	2555	2
2556	2557	2
328	905	2
1822	886	6
2558	2559	0
2560	2355	0
36	1545	0
848	2561	0
2158	616	2
2562	425	2
2563	2246	4
2564	713	0
2565	2566	0
2567	2568	0
893	1148	0
865	2569	0
2570	2392	2
772	2571	0
1990	804	0
2478	1354	1
2213	1878	0
59	523	4
2572	2573	2
40	461	6
1233	634	0
2574	2575	2
1068	698	2
438	756	2
2576	1178	0
2577	658	0
2578	157	1
2579	71	0
891	847	0
1444	1978	0
928	1028	0
1978	2252	0
2580	2419	0
661	2072	3
1296	2581	0
493	203	2
1124	1082	0
2582	1355	4
129	2120	0
2583	2584	2
1682	2585	2
2586	2465	2
2587	593	2
2180	2038	3
2588	2589	0
2590	358	0
2591	989	0
343	342	3
805	295	0
2551	2592	5
2431	1043	0
945	2113	0
535	238	2
2	2593	1
2273	2080	2
1284	0	2
2594	2526	2
288	287	0
169	2595	0
971	1568	0
2596	2597	2
2566	2565	0
159	303	0
385	2020	0
2598	555	0
2599	549	0
1752	1398	0
818	378	0
1551	433	0
718	292	2
1189	1188	0
86	193	2
498	2135	0
590	1191	2
773	1357	0
1242	1275	2
79	78	0
488	646	0
2507	1807	0
846	845	0
2506	2505	0
2600	2499	2
1767	1072	0
713	2601	3
2602	2603	2
211	210	0
2604	1148	2
674	1001	0
2605	1043	0
1187	2606	2
121	2442	0
166	2607	1
1639	1091	2
1271	57	0
2608	2609	2
2535	2010	0
2610	2611	2
2612	975	0
2613	1891	2
79	412	0
2614	2595	2
1881	2615	0
833	832	3
2616	2617	2
356	2618	0
1112	1767	0
841	258	6
1102	2619	0
549	2599	0
2620	200	6
2621	414	0
2622	1064	2
414	2623	0
2624	1238	0
538	2625	1
2471	1053	1
206	384	0
2088	2626	0
1791	2627	0
2628	2156	2
107	743	1
2629	2630	2
1564	724	0
108	886	6
27	1900	0
1238	1308	2
1655	259	0
612	1963	2
2631	1837	2
2632	444	6
2633	1594	2
2634	2054	2
783	487	0
749	2635	0
2636	2637	2
386	483	1
2522	1495	0
1236	51	1
368	25	2
2580	691	2
1589	2638	0
1456	35	0
2639	2640	0
385	348	2
2641	2642	1
219	1958	0
2549	2117	2
264	1856	0
2345	1392	0
2643	2511	0
78	1666	0
2644	931	0
739	738	0
723	484	6
2294	2645	1
2609	182	2
827	866	2
1300	1091	2
824	823	0
2646	941	2
897	896	0
2647	941	2
16	722	2
2123	2648	3
1261	2649	0
2650	826	2
372	371	0
2651	382	1
400	350	2
60	2652	0
2124	96	0
1483	190	0
745	2653	2
2654	2655	0
1331	1330	0
1780	2537	0
429	2400	0
201	200	6
1789	2656	0
1758	1418	0
2267	137	0
1148	1771	0
2578	2657	2
104	1213	0
1437	1318	0
578	577	0
412	411	0
2655	2658	0
2659	1521	0
953	2660	0
2177	334	0
790	2661	2
2065	1923	0
1274	157	0
779	2450	0
1137	2662	0
2663	1009	0
1022	1999	0
408	2664	0
1873	1233	0
1255	2665	0
1663	2666	2
1477	1863	3
1067	596	4
2382	2616	0
1499	134	0
2667	1100	0
2410	1605	0
2517	2516	0
2412	2668	2
2669	96	2
2670	2671	0
665	2027	0
235	1560	4
2672	2254	0
2673	2309	0
727	1790	0
691	2188	0
2477	2674	1
559	585	0
1654	1382	0
2112	756	2
1275	1274	0
406	666	0
636	2675	0
1219	1756	2
2160	1512	0
2294	2293	0
1196	2676	0
2192	2126	2
2677	2204	0
2678	1950	0
2679	2407	2
2680	671	2
877	35	0
178	2681	6
495	419	0
2682	2683	3
2099	2684	2
2685	2381	0
2530	2686	4
1619	2687	0
462	1880	0
2688	2689	0
1241	2447	0
591	1254	1
867	1669	2
2690	2617	2
2688	2691	0
1579	2277	0
626	1233	0
2277	134	0
834	756	2
1242	1730	0
2386	1155	0
319	1003	2
290	289	0
2692	2693	0
205	204	0
330	329	0
139	698	2
2502	2694	0
482	983	2
1043	250	6
448	1464	2
1035	2217	0
2695	2696	0
2697	159	2
1449	2364	0
193	192	0
1949	1003	2
738	1436	6
2698	1331	2
65	1527	0
2699	2103	2
1978	967	0
2700	106	0
1647	81	4
1551	1550	0
2280	84	0
2170	428	1
2084	1855	0
2352	2701	0
2131	2702	2
2703	1307	2
1646	881	0
458	2092	2
2704	474	0
140	1274	0
2705	106	0
103	2616	0
2706	819	2
2193	1177	0
2468	1770	0
55	1721	0
2707	381	0
2708	1260	2
1414	1987	1
2168	2126	2
2709	1484	0
2710	2711	0
852	2712	0
1540	353	0
2713	1849	0
2714	2715	2
932	83	0
2691	2688	0
213	2716	0
386	385	0
2709	2717	0
397	756	2
1266	2718	0
2242	1931	2
2571	2719	0
2720	2721	2
1804	1304	0
2722	1000	0
1472	2723	2
2724	756	0
2725	790	0
2726	866	0
2367	1722	2
618	2727	0
1760	16	0
2728	815	0
2351	2673	0
2729	1126	0
868	460	0
163	2233	2
2730	416	2
2387	756	2
2731	2053	0
117	2732	0
2733	2327	2
1767	265	0
907	1576	0
2734	756	2
163	162	0
132	1286	0
971	1087	0
352	2647	2
908	511	0
1580	2206	0
1591	566	0
608	834	0
2735	1397	0
1103	2736	0
1680	1159	3
2482	2737	0
2738	501	0
2739	364	2
2451	2740	2
2741	1430	0
2180	2742	0
2743	752	2
1780	2324	0
2087	1837	2
197	2744	0
1929	756	2
1905	926	2
406	1455	0
64	2560	0
2745	383	2
377	2746	2
2747	2257	6
2748	611	1
217	2749	2
2750	1392	0
1094	2751	0
56	649	0
1840	1916	0
1033	208	0
1250	824	0
1258	396	0
199	615	0
1172	278	2
2332	2745	1
2180	2752	0
587	2753	0
315	368	0
1867	1369	0
1645	2754	0
1213	79	2
220	1812	0
1237	30	1
622	1724	2
2755	2756	2
2682	957	3
2361	245	2
1918	2757	0
2182	1810	0
808	756	2
915	2758	0
1350	1527	0
355	2759	2
373	221	4
1243	1488	6
82	81	0
1450	2760	2
86	2761	0
1961	1307	2
2762	2763	0
1360	1359	0
2764	1974	2
2765	126	0
2068	495	2
2292	2766	0
1395	180	0
2767	871	2
977	96	2
2768	54	0
600	2318	0
1942	2414	0
2198	2769	0
1449	2770	0
2630	2771	2
2724	435	2
1067	50	0
132	1767	2
43	2772	0
762	2765	0
165	2261	0
1450	2773	0
122	2774	0
630	1283	0
1130	2775	0
50	648	0
5	109	2
845	756	2
1077	2776	0
189	306	0
1603	2777	0
430	429	0
946	1765	0
2778	2779	2
1090	1131	2
2780	1088	0
2781	2782	2
1658	654	2
2783	1196	0
1641	1214	0
49	1606	0
1052	630	2
464	2629	2
606	1006	0
2400	429	0
2260	2238	2
2784	2421	0
2340	2073	0
149	2785	0
2538	997	2
1256	1021	0
1411	1043	0
550	2562	1
2056	1050	3
1269	1637	0
1270	504	0
295	366	3
2572	2594	0
2309	2673	0
728	804	2
2786	89	2
2171	2787	0
2011	2788	2
2343	768	0
2042	1281	0
1614	1164	0
2310	2475	2
2718	1266	0
2789	2790	1
1049	423	0
1889	2516	2
1551	2791	0
2792	175	1
766	1787	2
2793	2794	2
1348	1347	0
1084	321	2
2795	1743	0
420	57	0
775	1256	2
1035	2507	0
1595	1854	0
2724	2796	0
2797	2057	2
1236	1466	1
2798	90	0
1917	186	0
2627	973	0
1555	640	2
528	4	0
440	439	0
2758	915	0
2799	1516	0
1749	1483	0
938	1714	1
1196	1329	0
2800	265	2
2449	781	4
27	26	0
56	2801	3
2072	2802	3
2803	1191	2
2353	2352	0
327	2804	0
435	2805	0
2806	2807	2
2649	801	0
280	2808	3
508	2809	0
752	2810	0
647	2098	0
509	508	0
208	1033	0
2811	2777	2
224	1471	0
2351	2280	0
1137	1337	0
2537	573	0
2812	2813	0
447	419	0
1369	1867	0
2203	293	0
1148	893	0
2321	425	2
2178	864	0
481	756	2
1050	1340	0
2814	435	2
2257	1083	2
2348	1516	0
2815	137	0
2530	2529	0
1503	69	2
124	1094	0
2816	2009	2
2817	2818	2
1716	144	0
2819	2820	2
894	893	0
2821	2504	0
2048	340	0
216	425	2
1132	2715	2
2822	2823	0
290	364	2
712	1567	0
2824	2825	0
169	2826	3
128	467	0
508	1385	0
1812	1811	0
1063	2827	2
1369	122	2
1878	430	0
2828	694	2
1429	2829	2
2830	888	2
2831	2832	2
2833	2834	2
55	1159	3
1422	2144	2
900	2102	0
56	55	3
2835	1070	0
2456	2231	2
2639	221	2
2836	2837	0
520	2838	2
523	2537	0
2161	2488	1
2425	2401	0
2839	2840	2
1402	994	2
283	2841	0
510	1220	0
348	1154	0
471	470	0
1621	164	2
2842	1752	2
233	1236	2
2141	2843	0
173	1261	0
2436	1546	3
1246	2844	2
594	2845	2
1158	1751	3
2016	2030	0
2846	604	2
2847	1465	2
2005	1893	0
423	1595	2
780	2848	2
2849	2850	6
947	1341	0
805	96	2
2352	1775	0
2460	2851	2
2852	2260	2
2176	1975	0
1876	2326	0
1376	2853	2
1466	2854	1
111	1871	2
217	232	0
1430	2855	0
1585	1584	0
144	1716	0
2412	2411	0
545	818	0
1743	59	2
1907	383	2
1814	0	0
2856	1678	0
1027	1026	0
108	238	2
2386	350	0
2857	2858	3
1959	2859	0
2835	1136	0
2860	2794	2
594	593	0
2861	2862	6
865	173	0
124	1065	2
827	551	0
2863	947	0
2864	2865	2
81	1647	4
757	2866	0
1727	477	2
1340	2365	0
1274	461	6
2762	1485	2
1867	711	0
992	519	0
1561	1188	2
2867	2124	0
803	2868	0
513	2869	0
2870	214	2
1480	1479	0
1763	184	0
1648	1239	2
2871	2639	0
1518	2199	0
459	20	0
62	2872	0
676	2873	0
1109	2865	2
2874	2682	3
681	2875	1
1927	1724	0
1759	243	0
2291	2766	4
1078	2876	0
1546	6	3
517	2518	0
1028	1956	0
329	2355	0
1137	2366	0
1468	27	2
140	418	0
336	2877	0
2878	1531	0
2110	101	0
2879	2880	0
2604	1345	0
1091	2424	0
1445	1025	0
2333	563	2
49	668	2
834	2881	0
335	2191	0
2882	2653	2
2883	2884	0
2885	2886	2
359	2887	0
895	2609	2
385	2888	0
1674	359	2
1388	2246	0
153	2889	1
59	1763	2
1870	2890	0
2079	1201	0
2660	953	0
2682	958	3
2105	459	2
932	84	4
710	318	0
2312	191	0
2891	2892	2
2893	461	6
1056	220	0
2162	2014	0
2894	2895	0
411	78	0
2204	2677	0
1163	1184	2
2818	672	2
2896	1013	2
2490	471	0
2370	1851	0
498	2897	0
1130	1091	2
833	2898	3
153	245	2
1444	2357	2
1085	1084	0
2899	2900	0
1125	542	4
1398	1520	0
207	104	0
738	2901	0
2902	1771	0
2903	729	2
850	214	0
2024	1843	3
1442	2904	0
1743	2795	0
1383	2905	0
324	1048	0
2093	668	2
2356	2839	2
1236	2906	1
1401	993	0
2907	1576	6
2908	2909	2
2560	2910	4
809	2911	0
798	2912	0
2913	2074	2
2560	861	2
2834	2760	2
2036	1170	2
442	441	0
1220	2914	2
2867	1203	2
1853	385	0
1757	756	2
1150	2915	1
182	22	1
2738	972	0
1663	2916	0
2917	1675	0
471	2918	0
1492	2839	2
1484	2709	0
839	2919	0
2839	71	0
295	805	0
2160	1385	0
2400	756	2
2920	1057	0
1640	2282	2
2921	637	2
645	2432	2
2922	1746	0
1398	1752	0
2861	2923	0
2430	2530	0
1579	2054	0
51	2924	1
1404	2925	0
2926	1614	0
2927	578	0
251	250	0
2928	934	0
2662	1137	0
244	2907	5
296	366	3
1833	231	2
2929	2264	0
1192	2822	1
1294	2930	0
2195	1338	0
1878	2931	0
209	2611	2
164	1531	0
2932	1637	0
1637	1269	0
2933	978	2
2934	2243	1
88	1091	2
473	915	2
1597	2935	0
1941	358	0
2935	2267	0
455	139	0
858	2135	0
2246	2936	0
2876	2937	0
946	486	0
1876	569	2
1454	1453	0
460	58	0
1110	2938	3
1966	1965	0
1506	169	0
2290	596	0
2939	47	2
850	1510	0
1449	1552	0
1464	86	2
414	14	0
2103	36	0
2940	2941	0
2942	2758	4
269	10	3
2211	752	2
1280	2889	2
954	827	2
1499	2193	0
102	101	2
106	105	2
837	2943	0
679	2944	1
2042	267	2
472	467	0
1655	2945	0
2946	2947	0
1241	1281	0
2061	2948	0
2560	34	0
2949	1801	2
2759	2950	2
888	887	0
575	361	2
2188	2951	0
2162	781	4
2952	2953	2
2954	2236	2
1831	2719	0
2925	935	0
2955	1877	2
1062	1428	0
576	575	0
1614	651	0
964	1994	0
1996	2956	2
722	2342	0
459	1930	0
2773	716	2
58	1625	0
2957	2589	0
878	22	2
106	2700	0
2199	418	4
2298	2958	0
1412	2866	0
731	325	2
89	2008	0
2951	2188	0
916	562	0
323	2883	3
751	560	2
2721	2817	2
2959	922	0
812	1627	0
82	872	0
2585	756	2
2392	2960	0
2961	2464	2
247	2095	0
2962	2037	0
27	2963	3
1120	104	0
1224	2921	2
826	2964	2
2965	1870	3
66	65	0
2226	2966	1
437	436	0
638	2967	3
2968	2969	2
165	2360	0
286	150	0
1958	45	0
2970	2971	1
478	2707	0
1827	1595	4
1815	2972	2
2587	1501	0
1886	1715	1
2973	563	2
1764	1626	2
1737	2283	2
60	2939	2
569	2260	0
1746	2974	0
2967	638	3
2656	1789	0
158	304	0
842	2524	1
2601	433	3
474	473	0
15	1526	0
159	2264	0
2975	2673	2
1101	2976	2
2977	172	2
2775	1495	0
913	703	0
27	1994	3
111	2978	0
1001	1211	0
2979	149	0
2980	2102	2
1798	1797	0
2728	2558	0
1385	2160	0
1129	165	0
2981	1717	0
1070	1135	0
2982	2983	2
1978	1444	0
1898	2539	0
2927	2984	0
2407	2985	0
2986	457	0
906	2987	5
71	2601	3
1958	219	0
1159	295	3
169	2865	0
2354	979	0
1495	1131	0
1453	1948	0
937	1579	0
2988	2989	0
2744	1046	2
2145	1750	0
2446	1453	0
2990	2991	0
27	2992	3
1117	2993	0
1411	1980	2
981	1331	2
2994	359	2
1148	2787	0
405	336	0
711	2235	0
1560	2995	0
2012	461	6
2996	88	0
2982	2367	0
2997	2760	2
2644	2998	2
1060	508	0
673	2999	2
227	1349	0
2109	3000	2
2765	762	0
155	3001	6
1675	1749	0
232	2283	2
3002	3003	0
3004	709	2
1168	1126	0
666	665	0
858	3005	0
2663	1559	2
1899	2345	0
2226	2238	2
1824	1270	0
3006	3007	2
2332	1307	2
1867	3008	1
2438	3009	2
2027	1889	2
3010	46	2
20	2782	2
1213	1896	0
2376	1179	2
709	99	0
1323	2951	0
2500	2499	0
612	3011	1
470	211	2
681	2474	1
663	1203	0
1713	1647	0
3012	720	2
1508	172	2
1090	3013	0
1893	478	0
3014	2721	0
240	3015	1
850	2036	0
2368	3016	2
710	1443	0
2772	804	2
58	1618	0
3017	2765	0
3018	2186	0
3019	132	0
2323	897	0
541	2238	2
337	3020	2
3021	366	0
3022	668	2
106	2108	0
1242	1068	0
3023	2219	0
711	1928	0
407	406	0
2707	2300	2
1618	3024	2
3025	2782	0
2863	1501	0
2507	2125	2
3026	3027	0
1964	1693	4
223	1892	0
414	582	0
393	3028	1
861	1314	2
1329	1328	0
2177	3029	4
2658	840	2
46	3030	0
1861	2297	0
3031	31	2
1137	604	2
2193	3032	0
642	1605	2
2303	2471	0
3033	2831	0
2270	2968	1
620	1091	2
2829	1430	0
1237	3034	0
3035	322	0
976	1413	2
3036	1455	0
3037	13	0
317	384	2
553	3038	0
2987	3039	5
374	3040	0
269	1983	3
3041	27	0
3042	1398	0
3043	2727	5
951	1482	0
2162	3044	0
1046	1793	2
1604	2440	0
992	3045	0
3046	952	2
3047	3048	0
459	2888	0
350	3049	0
2490	470	0
258	842	6
1815	1718	0
2889	245	2
2470	2290	0
1637	1268	0
3050	2607	2
1068	302	0
3051	3052	2
3053	1699	2
495	3054	0
3055	749	0
407	1455	0
3056	2117	2
938	3057	2
2749	1576	2
936	3058	2
201	200	0
88	87	0
3059	756	2
606	605	0
2246	2445	0
2764	363	0
2589	2894	0
1237	2043	1
881	3060	0
945	1189	0
3061	1696	2
143	587	0
1001	674	0
1145	1935	1
3062	1450	2
2855	1430	0
67	2089	0
2560	2576	0
813	3063	1
1416	1390	0
468	3064	0
2387	1106	0
3065	3066	0
1255	2801	3
2576	3067	2
2355	329	0
3022	423	4
3068	519	0
508	1060	0
361	1604	0
423	3022	4
2594	2572	0
1689	1138	4
810	2187	0
2372	2371	0
149	3037	0
3069	2023	2
2842	2622	0
255	815	0
927	315	0
336	840	0
810	1384	0
2358	875	0
2105	1640	0
1337	1137	0
3070	1719	0
2345	3071	0
1804	2320	0
2412	1858	0
1495	1494	0
732	1296	0
184	2869	0
815	1630	0
3072	3073	0
3074	1041	2
2506	1413	2
969	968	0
2468	3075	0
1398	3076	0
2164	723	0
1012	1710	0
63	371	0
3077	2601	0
3078	1021	2
1977	952	2
1845	2208	0
1278	2278	0
1897	3079	2
888	1576	0
2328	988	0
1848	2980	0
1616	349	2
3080	1021	0
985	3081	2
2627	974	2
1266	3082	2
1915	818	0
119	2385	0
3083	571	2
1813	3084	1
2452	457	0
2940	603	0
683	132	0
2884	1768	2
3085	920	0
84	2017	0
3073	1327	0
1252	3086	1
88	2996	0
3087	79	2
1365	361	0
1239	3088	0
3089	93	0
1720	3090	2
3091	237	0
1062	116	0
3092	1563	0
3001	3093	2
3094	1030	2
1076	3095	0
3096	423	0
1501	291	0
427	426	0
679	2806	1
29	146	0
2688	3097	0
3098	1293	2
1386	2489	2
676	1215	0
1478	3080	4
913	958	3
71	2839	0
36	1450	2
2252	1998	2
1599	2437	2
2675	3099	6
1836	3100	0
1647	1740	0
1631	2249	2
3101	952	2
799	598	0
3102	1787	0
2544	1025	3
1276	1046	0
35	877	0
489	2928	0
2274	2028	2
631	368	0
2018	359	2
71	2990	3
937	134	0
1294	1567	2
703	913	0
1817	2250	2
689	262	0
2155	2214	0
1569	1767	0
1165	1788	0
3103	444	6
861	3104	0
1237	3105	1
798	43	0
2414	3106	0
3107	292	1
3108	3109	2
3110	928	0
1118	2754	2
1416	3111	0
2003	526	2
917	3112	3
1601	1931	2
169	3113	3
2238	2092	2
3114	857	2
1746	2922	0
3115	1619	2
1343	886	6
2948	2061	0
1836	775	0
121	2596	0
1098	1097	0
2869	513	0
3037	1934	2
2077	2720	2
210	2956	2
1417	1115	0
1213	993	0
302	1274	0
2345	2860	0
598	799	0
3116	345	0
2267	2935	0
332	331	0
2916	3117	1
3118	1776	2
822	433	3
209	1088	0
3119	1640	2
2922	1892	0
225	1332	0
3120	2534	0
901	265	2
371	16	0
2223	1171	0
2765	3121	0
51	2161	1
1539	646	0
959	3122	2
1223	1452	0
875	1835	0
3123	1234	0
1918	621	0
834	3124	0
2037	3125	0
595	1067	0
129	3126	0
1074	1831	0
3038	553	0
3127	229	2
1020	169	2
1728	2126	2
3008	3118	2
702	900	2
3128	2789	2
137	1332	0
26	748	0
295	1159	3
2294	3129	1
994	1633	0
3130	1326	0
1805	1247	0
1598	2205	0
2924	1191	2
2033	3131	6
3132	383	2
2005	3133	0
451	450	0
3010	204	0
1604	2288	0
624	347	2
2782	2037	0
1202	1201	0
3134	1546	3
3135	3136	0
434	433	0
202	3137	0
2716	1595	2
2538	1067	4
2542	3012	0
261	2052	0
865	1727	0
1285	1485	0
2623	2259	2
137	3138	0
52	976	1
1043	2605	0
1941	2926	0
1338	2195	0
2748	3139	1
1720	413	0
1028	1698	0
1793	3140	0
1051	1985	0
1498	2800	0
2037	3141	0
2704	2143	0
2237	184	0
2360	245	2
2053	1140	4
2581	1296	0
1851	2370	0
2912	2970	2
3142	3143	2
1242	2132	0
1277	1610	0
3144	1146	0
1746	1745	0
2561	848	0
1471	224	0
1797	98	2
2386	46	2
214	2711	0
1859	78	0
1855	3145	0
3146	720	2
771	1499	0
1321	2090	0
332	1350	2
2742	910	2
2793	868	0
923	922	0
1237	141	1
107	446	1
2523	566	0
1560	3147	0
240	3148	1
3149	2575	2
364	560	0
43	1567	0
414	3090	2
3150	2994	0
2785	149	0
133	1177	2
2222	401	0
2710	415	2
1763	541	0
3151	3152	0
1196	1949	2
1820	913	0
1406	1182	2
296	295	3
3153	1249	6
1214	1213	0
2390	834	0
386	3154	1
1704	3155	1
302	418	0
1499	742	2
554	1787	2
3156	2848	2
1654	2087	0
2956	1998	2
2883	3157	2
1407	3158	3
713	2564	0
1028	1582	0
679	3159	1
3160	3161	2
772	3100	0
2478	2001	1
1522	1521	0
368	2692	0
3162	38	0
2283	756	2
2682	913	3
2076	1406	4
979	207	0
813	2554	0
2330	1527	0
433	2601	3
1452	1451	0
1105	2365	0
169	752	4
2060	389	0
1117	1831	0
507	642	0
31	3163	1
1660	1801	0
52	825	1
329	1860	2
3164	913	0
3009	1450	0
1337	1761	2
630	3165	0
412	359	2
621	3166	2
1843	2434	3
1743	1967	0
79	1718	0
2851	2381	2
3167	2213	2
132	3019	0
3168	3106	3
3169	756	2
1811	1476	0
857	751	2
2507	1035	0
2238	512	0
368	367	0
3170	1066	2
2250	2813	0
2187	810	0
1038	936	0
812	2137	0
2095	457	0
3171	3172	2
2193	1499	0
213	1722	2
578	236	0
571	3173	3
1776	159	2
500	2283	2
2685	1481	0
1539	3174	2
1466	3122	1
330	1799	2
987	425	2
2572	638	0
1550	1918	2
1746	547	0
3175	209	2
906	2658	5
1171	1245	0
1594	1445	0
2937	2876	0
3176	3177	2
799	597	0
2538	997	3
3178	1448	0
868	1612	0
1027	0	2
185	1069	2
953	3179	2
413	1278	0
1717	3180	2
3152	801	0
2294	3181	1
386	484	6
3066	369	0
91	1035	0
1387	996	2
2692	368	0
489	3182	0
2421	3183	2
439	3184	2
190	1483	0
2558	2728	0
3112	917	3
3185	857	2
539	3186	1
519	3187	0
1465	1464	0
560	1233	0
478	1163	2
932	365	0
2400	479	0
3188	2572	0
257	256	0
415	1018	2
2755	165	0
1193	1192	0
1094	124	0
480	2099	0
3083	122	3
1822	495	0
3189	2845	2
1576	887	2
1966	3190	2
3191	1704	1
511	2857	0
1896	1895	0
3192	1413	2
1539	487	0
2463	1463	0
1377	1376	0
2306	220	0
2381	2685	0
3193	338	0
292	3194	1
1600	1881	2
1766	1765	0
2143	571	2
3153	3195	0
1278	2767	0
374	3196	0
3130	3073	0
3197	1752	2
3198	2797	0
2201	3123	2
1398	2302	0
2188	1872	2
3199	730	0
6	1546	3
104	207	0
1986	1051	0
3200	486	0
2624	670	0
3201	2530	4
2761	25	2
3202	2029	0
1038	3058	0
1132	858	0
1428	2717	2
2797	1693	0
3203	1761	2
1688	852	4
177	305	0
3027	3026	0
623	1165	0
2527	3204	0
3205	3206	0
2455	742	0
3152	3151	0
2671	3053	0
2455	831	2
437	671	2
1589	112	0
3207	3208	0
3117	3209	1
207	384	0
866	1455	0
2481	2880	0
1659	938	0
1570	2941	1
3168	1224	0
418	1518	0
3210	2436	0
2297	3211	0
267	2204	0
337	336	0
32	3066	0
2713	1590	0
730	1259	0
2437	3212	6
2886	2266	2
419	495	0
3213	933	0
2891	198	0
932	2262	0
633	442	2
2054	2193	0
2692	3214	0
2524	195	2
3215	3216	0
3217	3218	2
1937	1413	2
2499	3219	2
2788	561	2
220	2306	0
41	40	0
689	401	0
2396	1399	2
1803	886	6
2730	415	0
3220	235	0
1220	709	0
161	3221	2
663	113	0
2377	148	0
2225	350	0
3222	3223	2
2065	130	0
2712	852	0
3224	67	0
2140	2432	0
3225	1923	0
2767	1278	0
3226	2993	0
557	556	3
2113	945	0
2186	2819	0
2072	2164	0
670	669	0
29	1209	0
3227	1669	0
1610	1277	0
1704	31	2
3228	1450	2
1110	2752	0
1109	858	0
1031	2653	2
3031	3229	1
2877	3230	0
1469	48	0
390	269	0
2056	1400	3
2526	3231	0
771	770	0
3232	1886	0
1437	1436	0
3233	1098	2
1347	2286	0
2039	2038	0
2990	3234	3
1138	1137	0
1414	1913	1
2102	900	0
1886	2303	0
891	1833	0
2947	184	2
2478	3069	1
354	3235	2
1343	1628	0
3236	1083	2
2792	534	1
1203	663	0
1331	45	0
605	607	0
2916	1307	2
951	508	0
674	1075	4
581	2044	0
2419	2418	0
2326	840	2
2538	50	0
3222	1631	0
2789	3237	2
2075	672	2
3040	3238	2
900	701	0
1391	1968	0
1356	2994	2
576	1308	2
2800	1372	0
2752	1110	0
1886	1885	0
1093	124	0
854	1447	0
2374	383	2
1390	209	0
2241	3239	0
1346	1269	2
2589	2588	0
864	3240	0
303	927	2
2532	3241	2
1033	209	0
3242	2210	0
375	1322	0
1084	3068	0
1238	2624	0
1137	1692	0
2594	1140	0
2944	826	2
2856	3243	2
1997	378	0
419	447	0
1494	1249	6
92	1218	2
3244	3245	2
3245	1058	0
3246	3156	2
3211	2297	0
647	2538	0
513	1091	0
3247	753	2
868	1611	4
1520	2929	2
524	2370	2
3248	3038	2
1464	2551	0
2744	1677	0
3249	976	2
1664	2003	0
648	647	0
1694	1693	0
2148	756	2
2736	2274	0
2286	165	2
161	160	0
556	2801	3
454	98	0
3158	1407	3
2182	2028	0
478	1833	0
492	1181	2
2090	1094	2
330	2560	0
3250	1647	0
3251	383	2
189	188	0
766	2928	0
2729	3252	2
2986	916	2
417	461	6
2540	858	0
1043	1902	3
2481	16	0
3016	203	0
909	1981	0
78	2093	4
2967	1806	0
876	765	2
384	3253	0
1771	3254	2
498	3255	2
1750	2145	0
1268	3256	0
943	942	0
1163	1162	0
78	1859	0
3254	132	2
2233	2820	2
3257	1091	2
2346	2345	0
3120	285	2
2293	2045	0
1124	803	0
2905	3258	6
3259	245	2
239	3260	2
1711	1676	2
3261	3262	1
781	3044	0
1739	2258	0
3263	2828	2
353	1540	0
353	364	2
964	963	0
105	1738	0
563	2746	0
306	3264	0
3265	3266	2
3119	2241	0
1278	413	0
2551	3267	5
1357	773	0
33	32	0
3268	2779	2
3100	2571	2
1352	1351	0
2177	1430	2
635	2908	0
2480	2479	0
1419	886	0
1792	954	0
3269	2837	2
2012	140	0
2312	2071	3
1177	2193	0
149	2979	0
2930	940	0
495	446	0
2156	1407	0
447	2459	0
2271	229	0
780	3270	1
3044	2162	0
2676	2611	2
2656	207	2
2902	1148	2
277	484	6
1117	901	2
2186	1702	2
2480	3271	2
1107	2840	2
1440	2323	0
677	1413	2
1058	3245	0
1165	1450	0
1850	1849	0
346	798	0
1365	454	2
1655	2913	0
3272	1302	2
2653	1413	2
334	333	0
3273	364	2
661	2258	0
1377	3247	0
1046	3274	0
2809	508	0
1430	1194	0
2347	245	2
1712	2455	0
1153	1278	0
2205	1598	0
623	3009	0
2766	2292	0
2850	2456	2
3275	587	2
2037	1613	2
2567	836	3
343	3276	7
3277	1675	0
919	1840	0
836	2567	3
1752	2622	0
1982	390	2
2523	1364	0
541	1763	0
694	1307	2
2626	2088	0
2719	3278	2
2910	2560	4
820	2706	0
446	886	6
2029	3279	1
2140	1241	0
2511	2643	0
2585	3280	0
1869	1597	0
259	3281	0
2330	1407	3
3191	3263	1
193	159	2
1230	3282	0
2825	2824	0
643	776	0
1747	3038	2
2534	3120	0
909	1238	0
1066	2538	0
947	2975	0
1895	1071	2
1020	781	4
1092	282	0
2606	3201	2
3283	2890	0
3284	678	2
345	2455	0
2783	1363	0
762	2249	0
1944	2590	2
517	1576	2
2478	2570	1
2389	3255	0
1423	513	0
1118	1117	0
2565	96	2
3285	1187	0
3286	2529	2
375	868	0
3287	730	0
94	93	0
470	2490	0
2345	1242	0
2267	193	2
598	411	0
3139	3288	2
2060	2948	0
2157	1531	0
1983	2061	3
91	2852	2
141	3163	2
1025	2123	3
1438	864	0
3255	2389	0
2403	509	0
164	1876	0
240	2529	1
1881	3166	2
2877	336	0
3253	1164	2
154	1256	0
2142	1972	0
3289	2038	3
2170	425	2
2638	1589	0
90	1504	0
2496	2613	0
76	484	6
1096	3200	2
3290	175	2
1189	945	0
293	33	0
2719	1831	0
2394	1338	2
648	1066	0
1893	2005	0
371	719	0
614	613	0
3291	1614	0
13	3037	0
1229	1264	2
1304	1804	0
1619	2213	2
2019	3292	2
2138	1675	0
1720	184	0
761	3293	0
443	229	2
3294	86	0
2258	661	0
385	3098	0
2640	2639	0
2112	1451	0
184	1423	0
284	347	2
3295	2950	2
3296	2876	0
1530	331	0
3175	88	0
300	2235	0
3297	756	2
1026	3298	0
1896	2671	2
3125	458	2
1013	1348	0
3187	519	0
9	8	0
2363	338	2
801	2649	0
1386	1322	0
3299	1601	2
1795	3300	0
587	1823	0
2943	837	0
2293	3301	3
1035	1034	0
162	1094	2
2338	651	2
608	607	0
48	1469	0
3205	200	6
1033	1390	3
2375	3302	0
51	3303	1
349	348	0
752	169	4
3230	2590	2
3304	3305	2
2524	2275	1
809	679	0
1791	1455	0
781	1020	4
1100	299	0
2193	2054	0
2245	1640	2
1307	3306	1
1024	2633	0
467	1214	0
756	2724	0
3307	2129	2
951	881	4
1013	2286	0
1088	2638	2
881	951	4
2477	195	2
1889	2380	0
299	711	0
2633	1445	0
2423	756	2
1310	16	0
525	1851	2
903	902	0
3308	104	2
3066	3065	0
2323	303	0
971	3309	0
2336	3310	0
3311	2847	0
1257	911	3
3312	27	2
173	865	0
3313	3314	2
106	1908	0
2132	1274	2
1037	1036	0
510	3315	0
1455	1010	0
2485	560	2
2589	2957	0
3076	1752	2
2792	3316	1
2615	1881	0
2927	798	0
368	315	0
2377	347	2
1073	1767	2
3082	676	2
3316	175	2
1818	180	0
1472	224	4
273	1471	0
1380	3225	0
1140	2594	0
1873	3302	2
1633	127	2
1712	2469	2
3317	2777	2
1595	97	0
3318	2210	0
2658	259	6
93	3089	0
739	1576	6
159	2929	3
2492	1448	0
1392	418	0
1441	757	0
3319	2371	2
2890	1870	0
1159	1680	3
591	1191	2
3320	1723	0
2273	1570	0
539	3321	1
3230	337	0
1555	420	0
885	3255	0
606	3255	0
1074	2754	0
254	671	0
2101	2100	0
1316	571	2
1114	1533	0
2077	2739	0
461	2336	0
364	965	0
254	1349	2
3322	425	2
862	861	4
2848	194	2
1263	36	0
345	3008	2
3321	2779	2
2456	201	0
2529	425	2
51	3323	1
1553	2779	2
2696	2695	0
1590	2713	0
1125	1762	0
2928	489	0
3324	2293	0
2978	111	0
1308	3325	0
2242	2241	0
1281	488	0
2281	720	2
1278	3326	3
942	3327	2
860	859	0
132	683	0
468	3134	3
1233	720	0
2420	2478	1
1546	2436	3
881	880	0
1864	702	0
2360	165	0
1277	413	0
1834	875	0
3328	529	3
1968	400	0
742	2455	0
3329	1990	0
2572	18	0
2787	932	2
299	1775	2
3330	3331	0
2337	1013	2
3332	27	2
635	1480	0
762	347	2
418	1392	0
587	3333	0
2512	1043	4
1930	459	0
2340	780	0
306	3334	0
2434	1843	3
2328	3335	2
92	1441	0
2900	1386	0
3336	3258	6
1874	2040	2
1970	1815	0
3163	195	2
3337	110	2
809	2961	0
522	2114	0
3338	165	0
346	1938	2
2500	3250	2
1066	648	0
225	138	0
1159	556	3
3323	3339	2
329	371	0
324	1924	0
2987	840	2
3206	1736	0
1236	2169	1
1310	2126	2
1908	24	2
418	2997	2
1136	3340	0
3009	623	0
2876	1380	3
413	492	2
2652	60	0
2009	238	2
3230	2877	0
680	2807	2
815	1962	0
901	900	0
2470	596	4
3341	3342	0
165	2998	0
600	651	0
161	3343	0
3344	1149	0
729	3260	2
3124	834	0
1170	2333	0
1594	1024	0
1156	2292	0
134	2277	0
2543	2542	0
940	2930	0
1592	3345	0
2253	458	2
1436	739	1
1137	2846	1
1108	831	0
449	448	0
1363	2676	2
109	4	0
2540	292	2
296	56	3
206	1944	0
1033	1719	0
984	444	6
1194	829	2
1413	425	2
1019	781	0
2719	2571	0
196	933	4
2324	573	0
875	2358	0
2292	267	0
1526	14	1
549	336	0
798	1490	0
3343	755	2
579	977	0
411	598	0
621	1971	0
1291	3051	0
2393	2617	2
2764	1541	0
220	475	0
3346	878	1
923	3347	0
3348	952	2
461	2540	1
267	3349	3
2392	3312	0
1067	2538	4
2418	3350	2
3036	1603	2
3351	687	0
2761	1465	0
2564	2175	2
931	359	2
3352	3353	0
2701	2352	0
350	2386	0
2698	2640	0
3354	865	0
2237	1300	4
3355	561	2
3356	2950	2
3045	403	2
3115	214	0
2241	2740	0
822	821	0
726	725	0
2641	3357	1
1003	3358	0
2774	122	0
2217	3359	2
1326	3130	0
305	955	2
1908	106	0
2693	756	2
658	2173	0
368	3360	0
1679	1640	2
3042	1752	2
2416	175	2
562	916	0
3361	2023	2
415	1284	0
1718	2684	0
1384	810	0
2033	1600	6
1516	3362	1
190	162	0
3363	2779	2
1404	3364	0
418	302	0
100	99	0
2127	759	0
689	1735	2
868	1625	0
1414	3365	1
857	2211	0
1647	82	0
3200	1766	2
629	635	2
2955	3341	0
2267	627	0
2342	1065	2
2483	942	0
2671	2670	0
2271	317	0
1177	771	0
1324	465	2
2297	2296	0
1363	2783	0
2210	3318	0
1451	966	0
781	2449	4
3366	1841	2
61	1331	2
1839	1988	2
3000	96	2
1638	220	4
1305	1304	0
578	2466	2
237	2303	0
354	2251	1
1744	2579	0
2044	581	0
1236	3367	1
2191	756	2
2796	1266	0
2560	64	0
1028	1583	0
148	377	0
3312	2392	0
64	63	0
1771	2902	0
1994	964	0
1153	1042	2
3368	953	0
2751	124	2
2547	86	2
2292	3369	0
1272	1271	0
2684	3370	0
1835	2248	0
3208	3207	0
3371	128	0
42	1752	2
2983	3372	2
76	75	0
3162	903	0
1481	2685	0
1821	2682	0
1765	720	2
3373	1396	1
1400	1050	3
2130	327	0
3149	2455	0
412	2521	0
2715	1413	2
2078	2077	0
3058	3374	0
852	1688	4
2528	3176	4
2951	1323	0
1031	3375	1
3376	2293	0
3377	441	0
994	1767	2
1365	3378	3
2805	435	0
3379	1611	0
152	3259	5
684	2456	6
1067	35	4
634	1233	0
1862	1861	0
1157	1857	2
1455	1322	2
221	220	4
545	937	0
1256	1478	4
1645	670	0
3191	3380	1
3381	2754	2
508	96	2
3340	1136	0
3382	1442	0
64	372	0
1364	1142	0
2164	2258	2
2727	808	2
3383	3355	2
2640	2698	0
428	266	0
3384	25	2
1587	960	0
3347	923	0
2827	1181	2
2294	1167	2
389	2060	0
2443	1673	2
2029	121	2
613	2267	2
1901	2519	0
304	158	0
938	2778	1
951	1061	0
3148	3385	2
2267	1869	0
553	243	0
3386	2639	0
1754	1611	0
1815	597	0
2589	117	0
235	1802	0
468	3387	2
2314	671	0
3388	2616	0
1236	3389	2
594	291	0
3105	2524	2
644	2385	0
1713	3161	2
2124	2867	0
3390	2119	0
2597	1108	0
3391	3392	0
593	2584	0
247	246	0
1407	3393	3
1216	1523	2
748	2913	0
2248	1835	0
1032	2653	2
543	762	0
136	1361	0
3394	2714	1
2718	756	2
1631	2059	0
2510	2423	0
2961	809	0
177	1696	2
3395	604	2
654	392	0
2204	2575	2
1278	1043	2
2825	375	2
685	542	0
1099	3396	4
3040	1743	0
1682	1978	0
3397	1038	0
3064	468	0
505	3398	2
3399	2713	0
1082	1124	0
817	771	2
243	553	0
3027	2526	0
1849	3142	0
719	371	0
1205	3393	0
3276	1604	2
908	2118	0
2296	1862	0
1812	220	0
1414	1307	2
227	254	0
98	220	0
774	1021	2
334	2481	2
1020	782	0
2280	947	0
587	3275	3
1398	1342	0
8	3078	2
1068	1242	0
2245	2186	0
572	2873	2
3400	98	2
2361	244	5
866	3097	2
2461	1959	0
3297	3401	0
2420	1145	1
36	2827	0
3317	1131	0
1178	1652	0
1590	1595	0
3402	385	0
319	709	0
3403	2844	2
3404	258	2
58	3344	0
1341	657	2
122	3405	0
446	495	0
1171	2223	0
198	2891	0
3261	1307	2
2141	2096	0
1886	3232	0
595	1775	2
1905	1887	0
2736	1103	0
3255	499	0
334	75	0
3003	3002	0
1703	2126	2
1743	3040	0
1811	1056	0
2959	1283	2
2157	165	0
3261	2207	1
1315	217	6
138	137	0
2167	459	0
3044	781	0
1527	2329	0
418	455	0
1480	635	0
558	3406	0
2058	725	0
3407	1484	2
664	1204	0
646	645	0
1568	971	0
3408	1541	0
900	362	0
3409	1531	0
643	1331	2
496	3410	0
972	2738	0
2038	3289	3
1791	3151	0
707	202	2
3123	1559	2
303	159	0
1905	2929	0
3210	1295	2
2876	1033	0
1146	3411	0
1787	3102	0
423	1049	0
3412	1141	2
1842	3413	0
2022	3319	1
502	2807	2
1264	756	2
961	3050	1
1223	2007	0
1463	2463	0
305	177	0
1146	1003	2
2036	3250	0
1590	2611	2
2353	2701	2
551	866	0
2542	3414	4
3388	104	2
1573	1773	0
1435	342	3
3415	769	0
2600	12	0
104	2616	0
3416	2274	2
1451	967	0
2775	1131	2
1879	3417	0
3042	2622	0
2349	2102	2
1386	996	0
27	2074	0
2866	757	0
539	987	1
1859	127	2
994	1401	0
722	721	0
3418	1456	0
1121	3097	2
1123	1625	0
556	1744	3
552	2825	0
415	2037	0
2497	3419	2
1649	1404	0
923	3420	2
898	3421	2
756	2024	0
3422	3392	0
1574	1043	0
651	347	2
3423	1754	0
15	2148	2
3374	3058	0
2277	771	0
2917	2137	0
1905	1904	0
3076	1398	0
3424	903	0
815	2373	0
1861	96	2
3425	1837	2
2730	2074	0
15	2158	0
134	2054	0
1623	2267	2
2863	3330	0
2947	2946	0
719	3216	2
3096	1029	2
487	2042	0
2290	3426	0
1067	2569	0
3427	23	2
1567	712	0
1445	1444	0
459	163	0
2841	1647	0
2171	1771	0
567	1134	0
913	2511	3
3428	933	2
660	252	0
3294	86	2
1091	1090	0
2150	1783	0
2433	3429	0
1675	3277	0
259	1655	0
349	1155	0
3100	772	0
2269	2246	0
1401	79	2
1450	1264	0
3430	3185	2
3277	2260	2
1361	2781	0
748	26	0
2876	3296	0
1038	3431	0
2403	508	0
1256	2743	3
2258	1739	0
3432	817	0
1406	1113	0
15	414	0
3349	3433	0
509	2403	0
3434	1652	0
3435	2148	2
1884	3436	2
882	2577	2
3142	1849	0
3437	2318	2
1280	1563	0
416	415	0
3438	636	2
3439	237	2
544	3123	2
3004	1220	0
621	2757	0
3051	3440	0
1949	2079	0
235	1660	0
1896	1213	0
1793	1443	0
486	3200	0
3017	762	2
3441	3442	2
3443	1669	0
1783	3444	2
1515	711	0
685	1314	0
2700	2109	2
374	1743	2
1065	98	2
571	2143	3
1576	888	0
2907	245	2
3098	484	6
2125	1412	0
1647	2841	0
1235	852	4
3359	1334	2
2777	3257	2
2305	2807	2
1335	1334	0
1488	1576	2
3445	730	0
139	461	6
2649	1261	0
3446	662	0
3225	1380	0
865	477	0
1815	412	0
836	460	3
689	76	0
2765	3017	0
1948	531	2
1640	137	0
1407	1642	2
237	3447	2
1968	1391	0
2959	3381	0
164	2611	2
2928	766	0
2970	3448	1
155	1365	0
298	25	2
2306	1404	0
3358	1587	2
2258	1502	2
2555	2102	2
2601	3077	0
3449	92	0
868	1770	2
743	446	2
378	2054	0
813	2528	0
82	2119	0
2753	587	0
1333	1360	0
128	127	0
3013	1130	2
1826	53	3
1961	1960	0
1793	3450	0
401	1391	0
1801	1660	0
299	189	0
1501	2863	0
1889	2685	0
3121	886	6
2231	887	2
999	3451	2
1442	3382	0
1244	1292	0
1103	2274	0
3282	2589	0
3389	299	2
3452	0	0
99	1794	2
84	932	4
765	1143	0
864	1564	0
112	1589	0
1001	1000	0
2333	1169	0
1243	3453	6
553	2131	0
1074	220	0
691	1323	0
1997	3454	2
3170	2479	0
520	519	0
1990	3329	0
2202	3455	0
1532	1114	2
1056	1811	0
1006	605	4
2577	98	2
2797	3198	0
3456	578	0
1643	57	0
2355	1310	2
2754	475	0
938	3457	1
2527	729	2
1087	3309	0
249	3458	6
92	2125	0
3166	111	2
2359	2063	2
3438	2227	0
2127	1097	0
2360	1576	6
2186	39	0
1669	3443	0
3302	2998	2
1641	1231	0
3459	2086	4
2118	319	0
1377	739	0
226	1349	0
150	2165	0
2958	1880	0
2458	3367	2
1026	3384	2
3460	2279	0
3284	1663	0
2513	2764	2
622	3430	0
1036	459	0
78	1815	0
1564	856	0
1455	3461	0
2186	2396	0
1978	1682	0
3038	761	2
3413	1842	0
912	3462	2
619	2552	2
1770	1057	2
3329	804	2
169	2614	0
438	804	0
2974	1667	0
554	1410	4
2762	369	0
1307	3463	1
1300	2238	0
1140	1922	0
3113	169	2
1564	3092	2
2807	1974	2
481	436	0
640	972	0
1537	431	0
851	364	2
1740	850	6
69	1473	2
2462	1326	2
2119	3390	0
148	1578	0
1639	871	0
279	1382	3
1970	79	0
795	794	0
3134	2436	3
3349	736	6
2542	2941	0
566	1591	0
1044	1313	0
1972	2174	0
1028	252	4
810	2065	0
107	2210	0
6	1676	0
2053	1044	0
423	2247	0
132	635	0
2420	3394	1
529	3328	3
486	2433	0
2935	348	2
865	1509	0
790	2725	0
947	2863	0
2099	2713	0
2902	2988	0
1401	412	0
1021	1478	0
902	970	2
903	1628	0
2949	461	6
2262	978	2
2095	247	0
1595	2284	0
2041	2091	0
1138	1689	4
27	3332	3
3011	1963	2
117	1371	0
1021	2306	2
81	284	0
1342	1398	0
2543	98	2
1173	670	0
3464	415	2
302	461	2
1322	1675	2
1541	3465	0
2901	738	0
2118	908	0
2007	470	0
3439	722	0
41	932	2
1374	3461	0
1129	1347	2
1045	1044	0
277	1293	2
2459	756	2
2841	834	2
1443	1442	0
1736	200	6
2468	235	0
269	395	3
3354	2424	2
488	2149	2
338	756	5
556	1159	3
3096	3022	0
3466	2241	0
1706	3388	0
3003	3467	0
1536	1535	0
1990	2832	2
1816	1815	0
1547	1804	2
1835	764	0
2401	2425	0
3336	636	2
3468	3073	0
1271	1939	1
756	1436	2
2166	3469	1
27	623	3
1223	2112	0
2058	101	2
1631	3222	0
1122	1975	0
1210	29	0
2772	43	0
107	2444	1
2763	2762	0
1880	2958	0
3198	1076	2
1171	1602	4
3470	3471	0
169	2308	3
3472	1990	0
1916	1840	0
3473	3392	0
2158	15	0
256	1434	0
3474	3475	2
2533	916	2
2471	1885	0
1640	1639	0
2345	1899	0
850	3476	1
2302	1398	0
3477	792	0
659	334	0
2494	415	2
425	3008	2
897	2323	0
1611	1625	0
196	510	0
2575	2485	2
2913	1655	0
362	1767	0
1088	3478	0
981	44	0
2993	3226	0
3479	2126	2
3480	1551	0
3481	381	0
1448	3178	0
1291	571	2
2730	1282	0
392	1473	2
127	1878	0
377	1577	0
243	150	0
3482	2021	2
488	1281	0
1607	1606	0
3483	2126	2
3401	3297	0
3484	248	0
2290	2470	0
2371	3367	2
381	380	0
117	1230	0
2537	1780	0
1279	1218	0
1773	306	0
592	418	0
1069	184	0
852	1235	4
2192	1278	0
2927	2586	2
1430	2845	2
314	676	0
86	1464	0
2877	405	2
2227	3485	2
2249	762	0
1324	2188	0
776	294	0
635	828	2
229	1837	2
288	2896	2
418	592	0
1938	3486	2
782	781	0
2285	1711	0
1743	3487	0
342	2218	3
1186	2201	0
40	302	0
1915	2441	0
679	3272	1
3488	1819	2
3489	1922	0
2894	2589	0
1542	1541	0
2551	1464	0
1647	1713	0
1085	571	2
626	465	0
3111	1416	0
278	277	0
740	485	0
2811	1619	0
859	2124	0
1243	1487	0
2477	3490	1
2091	2040	2
646	1539	0
244	152	5
3491	3492	2
184	1720	0
1463	2214	3
1124	899	0
307	189	2
1245	1171	0
3414	2542	4
931	3493	0
2013	861	0
156	2201	0
1593	1613	2
12	1964	0
744	1142	0
772	1160	0
441	3494	2
1581	3166	2
2102	2127	0
2869	184	0
2893	97	0
1077	1005	2
3154	1293	2
2508	1088	0
3137	202	0
662	3495	3
1470	1190	2
2268	771	2
1382	279	3
3233	219	0
3496	1085	0
1603	542	0
2065	3225	0
1317	2548	1
3090	1639	2
1532	484	6
2750	2949	0
1931	1264	2
366	296	3
1840	1505	0
3209	826	2
3497	1091	2
3498	559	2
3345	561	2
2538	1066	0
1514	117	2
255	1837	2
2078	3499	0
259	517	6
572	523	0
1695	1964	2
3308	229	0
342	2041	3
1832	1831	0
3342	3341	0
3500	2250	0
3080	169	2
736	250	6
460	836	3
968	576	2
2984	1288	0
1497	162	2
116	1062	0
687	3358	0
1220	510	0
2477	3501	1
2603	3462	2
601	96	2
972	971	0
1046	3502	0
3043	3503	2
418	843	0
1412	2431	0
375	947	0
3440	3051	0
2143	473	0
3504	1779	2
366	3021	0
362	1776	2
1177	1579	0
662	661	3
1374	407	0
2785	553	2
2731	1140	0
2809	1761	2
516	515	3
3505	1413	2
291	1501	0
2084	3389	2
3151	551	2
2717	2709	0
3441	2813	0
2909	134	2
2413	922	0
590	1190	1
1991	200	0
57	1777	0
1018	347	2
932	2017	0
3305	2311	2
2794	1501	0
3506	2557	0
2588	1171	2
1807	3359	0
2694	2502	0
37	36	0
2403	3507	3
2115	3508	0
2289	756	2
781	2162	4
571	3083	3
2155	174	2
265	1767	0
2541	3509	4
3143	3094	2
2276	347	2
3293	761	0
782	2162	0
11	10	0
1365	1211	3
36	1263	0
2910	1314	2
165	2878	0
2086	411	0
917	3510	0
769	841	0
1624	169	0
1344	886	6
2401	3219	2
732	2525	0
1957	915	0
2970	1511	2
798	1489	0
2175	434	2
1573	840	2
2029	3511	1
3280	2585	0
1762	2159	2
1280	3039	2
2695	2638	0
752	402	0
1075	773	2
1528	418	0
519	1959	0
812	1439	0
1131	541	2
1717	1675	0
3512	3061	0
317	229	0
1252	1302	2
716	98	2
153	2347	5
2865	1929	2
3513	3514	2
2297	1861	0
3331	2794	2
240	2471	1
2229	756	2
780	730	0
1964	1066	0
773	1627	2
3515	2604	2
338	3193	0
1451	2112	0
2184	786	2
2456	3516	0
1587	687	0
933	3213	0
809	3434	2
2595	941	2
2880	230	2
449	1087	2
2425	159	0
3149	2596	0
3461	1917	2
1337	1336	0
3064	1566	2
2797	3517	0
1609	781	0
644	1098	0
3066	32	0
1565	891	0
1425	221	2
1354	3518	0
2471	3232	0
1986	3519	0
1939	3520	2
101	678	0
3302	3521	0
2380	1889	0
2172	415	2
2455	3116	4
2990	3522	0
138	225	0
2693	2692	0
3033	3009	0
2926	1666	2
126	125	0
426	43	0
1611	868	4
3135	1858	2
2071	2312	3
2796	2724	0
2936	756	2
2328	3523	1
3012	2940	0
3173	369	2
3524	1412	0
3525	549	0
743	886	6
2189	2453	0
1668	3526	2
532	137	0
2455	345	0
841	769	0
3527	1252	2
3528	2238	2
478	1893	0
2521	2684	2
128	2276	0
203	3016	0
265	900	0
1669	3227	0
427	712	2
80	3356	2
569	1749	0
965	86	2
439	3529	0
3530	3531	0
1592	2672	0
2029	3532	1
227	486	2
655	1855	0
2101	364	2
807	1249	0
2639	100	0
214	3115	0
955	1172	0
1456	3533	2
3534	888	2
574	95	0
3078	9	0
1715	1883	1
899	624	2
1453	3535	0
455	417	0
159	2144	0
679	3536	1
1225	2349	0
1941	359	2
1342	1752	2
3396	1137	0
3537	388	0
3003	224	2
2214	1463	3
2535	1249	2
3538	752	2
2264	2929	0
1556	333	0
1361	136	0
1322	460	0
771	364	2
3009	769	0
2114	522	0
2278	1351	0
1488	1487	0
2988	2195	2
2319	1617	0
2197	1250	0
1043	443	0
434	2142	0
1112	900	0
185	184	0
1693	1595	2
1124	3539	0
2840	1159	0
3540	3541	2
3542	952	2
2426	159	4
3543	2003	0
1461	1445	2
2616	103	0
423	461	6
1261	173	0
256	1016	0
3461	1374	0
1106	2387	0
3496	903	2
3032	25	2
1563	3092	0
3195	3153	0
2732	117	0
882	950	0
1962	89	0
1812	98	2
1188	2113	0
3364	1404	0
1178	3144	0
256	861	0
2399	818	0
2534	1326	0
2948	2591	2
987	3544	1
938	3545	1
2936	2246	0
1154	348	0
520	656	0
3140	1793	0
518	517	0
1467	3546	1
1832	45	2
1457	842	0
2	445	1
412	79	0
2882	2239	1
3258	3547	0
357	2141	0
1662	978	2
342	3548	0
2945	1655	0
349	1483	0
2172	1386	0
224	1225	3
3549	2516	2
1145	1144	0
408	3550	0
246	442	2
3551	1307	2
2404	2947	0
928	1583	2
455	1274	0
3552	3553	2
1392	1275	2
153	1576	6
1529	1950	0
967	1223	0
2528	813	0
482	165	0
1237	240	1
252	1028	4
2831	3033	0
1302	3554	2
3555	630	0
3556	1165	3
1038	3557	0
793	1278	2
2003	3543	0
510	196	0
3184	1246	2
18	211	0
780	779	0
1766	364	2
3244	1058	0
3380	952	2
55	662	3
1936	2300	0
1533	1532	0
148	1097	0
519	3558	2
718	717	0
2888	459	0
2041	342	3
97	1595	0
3024	2225	2
504	2101	2
1224	3168	0
1015	3542	1
1221	1220	0
230	853	2
1921	642	2
2129	829	2
938	3559	1
459	771	2
2639	3386	0
1150	271	2
2341	36	2
399	398	0
827	1322	0
3495	662	3
676	1058	2
701	900	0
941	2106	0
214	36	2
1436	425	1
3560	3412	0
306	1772	2
871	2105	0
1640	2422	0
1132	498	0
3477	2061	3
3561	73	0
240	1657	0
3562	870	2
3196	756	2
850	347	2
1066	13	0
3191	938	1
632	3001	2
2222	1968	0
1026	3563	0
3564	1279	0
1349	932	2
1614	1401	0
2409	1737	2
331	1295	2
3245	1181	2
2294	3192	1
1320	88	0
956	2246	2
1629	561	2
3236	804	0
3493	1011	2
3565	1909	2
1502	2669	2
852	932	2
92	3449	0
3566	2883	0
1780	1881	6
2552	1013	2
2061	1983	3
2782	3025	0
957	2682	3
1896	1401	0
1961	1307	0
2198	3010	0
3567	1254	2
1999	1022	0
1603	1439	0
3568	834	0
43	798	0
2139	383	2
130	687	0
1471	2398	2
900	1112	0
3393	1407	3
3240	2337	2
3539	1124	0
1000	2722	0
1303	53	3
940	617	3
2561	231	2
539	3352	1
734	2080	0
651	384	0
1250	2197	0
286	285	0
1239	2620	0
3105	3569	1
3136	1734	4
2989	2988	0
2086	668	2
978	560	2
1801	1057	2
1985	1986	0
623	1264	0
2501	1666	2
1303	1537	3
1397	3206	1
415	2545	0
1846	3023	0
2834	1606	0
2165	1851	2
372	64	0
3226	994	0
1137	1576	6
2651	2055	2
3032	1579	0
742	2213	2
58	2394	0
664	137	2
1729	461	2
3365	696	2
1418	761	0
3570	608	0
647	2006	2
3571	2621	2
243	242	0
493	492	0
3191	3572	1
3501	356	2
1414	695	1
818	2399	0
303	1905	1
1141	3560	0
1291	1290	0
2757	621	0
403	2533	2
1005	67	0
3075	2468	0
669	909	2
670	1645	0
1858	1318	2
2381	2380	0
2542	3573	2
3431	1038	0
2613	2496	0
2034	3470	2
3574	826	2
2638	2695	0
234	1661	0
2219	989	0
2196	105	0
2126	1181	2
1400	1504	0
1458	2324	0
2709	116	0
5	4	0
25	1295	2
1051	1050	3
1498	1373	0
3543	1021	2
1608	1196	0
1039	1038	0
2812	3575	2
806	3576	1
1837	69	2
1448	1447	0
961	3319	1
1439	1603	0
1259	1654	0
3213	3428	0
2557	3577	2
3578	3579	2
947	3543	0
2290	35	0
1604	506	0
1531	2360	0
2104	1865	2
1923	3225	0
1804	465	2
1685	1278	0
522	3488	0
3504	1497	0
979	1459	0
1494	1131	2
2188	1324	0
3191	1992	1
1417	2550	0
542	1762	0
2162	1019	0
1531	3409	0
1125	541	0
1627	812	0
251	250	6
2893	423	2
1594	1978	0
938	3580	1
3581	1846	0
349	1497	0
2668	3582	0
18	2572	0
1247	3497	4
2096	2141	0
2209	975	0
1386	2900	0
1923	280	3
996	2491	2
2509	2249	0
170	3583	2
3165	3584	0
2504	2821	0
454	576	3
51	952	1
993	1401	0
1815	1970	0
2853	327	0
967	1451	0
2041	2040	0
2509	2765	0
1165	3585	0
1455	407	0
2976	331	1
576	629	0
3586	2223	0
2876	1079	0
454	1616	0
305	1696	0
602	1252	2
1539	1281	0
1699	804	0
767	766	0
1047	1046	0
3197	1398	0
700	331	2
3587	3588	3
2619	1102	0
86	49	0
587	737	0
1386	3589	0
539	550	1
2074	347	2
27	3103	0
161	397	0
2989	720	2
1737	889	0
589	588	0
1724	1109	0
1035	91	0
1733	1575	3
387	272	0
2053	1726	0
2011	2104	0
348	458	0
2468	3590	0
1083	347	2
1774	2873	0
1368	1367	0
1452	1223	0
2023	217	6
993	1213	0
2512	627	2
3048	3047	0
2186	3018	0
88	1759	0
2108	106	0
1498	132	2
146	145	0
1149	2171	0
646	1473	2
189	299	0
1335	1216	0
3171	738	0
2303	1886	0
2912	798	0
1555	2394	0
573	2537	0
901	1404	0
1158	1538	3
1234	3123	0
2862	3591	2
3106	3168	3
723	1576	6
2632	829	2
2672	1592	0
2960	2392	0
1138	465	2
2275	2849	1
1058	1375	0
1044	686	2
1773	1573	0
1322	2394	0
1206	1205	0
1402	1633	0
1287	3538	0
359	1672	3
1878	2213	0
198	1234	2
2123	1025	3
519	835	0
379	134	0
3592	1945	0
2974	364	2
453	3019	0
1701	2373	0
1608	3593	2
49	1469	4
3429	2433	0
2052	1577	0
1102	2734	8
1578	148	0
3302	2375	0
3594	2807	2
855	854	0
722	1544	0
79	598	0
1746	756	2
2241	3179	2
2481	2189	0
141	3101	1
2050	1176	0
2947	3595	0
2217	2359	0
681	3596	1
1417	343	0
3597	62	0
3598	2484	0
3599	2922	0
2350	3600	2
3432	1857	0
2863	2587	2
1373	3087	2
2435	1676	2
913	833	3
2249	3601	0
2303	3602	0
2001	2443	0
862	1016	4
1442	1793	2
1839	92	0
3503	807	0
3353	790	2
2930	2769	2
3471	3470	0
2246	2563	4
71	713	3
894	2313	2
1465	756	2
1661	1802	0
2539	1898	0
1597	3603	0
584	1252	2
2833	2131	4
2176	347	2
1188	946	2
3310	2336	0
324	461	6
1689	1688	4
581	1844	0
3604	2551	0
513	2237	0
236	578	0
1025	1024	0
2691	2233	2
1331	1645	0
3605	826	2
1831	1074	0
2619	618	0
1564	723	0
2246	1389	0
0	3452	0
3606	3261	2
89	3607	0
235	2468	0
2803	356	1
3364	3425	2
381	2707	0
3608	1984	0
75	334	0
2163	1321	2
165	2157	0
1296	2124	0
3427	2117	2
1277	569	2
3154	484	6
2776	1953	0
2607	3346	2
757	2431	0
1241	646	0
435	2814	4
1013	193	2
2551	1465	5
1319	2840	2
1278	1153	0
148	147	0
1966	670	0
1009	2663	0
364	2320	0
3250	1872	2
3509	2541	4
711	165	2
1383	1382	3
917	3609	3
4	109	0
1535	3610	2
1810	2182	0
647	35	0
1102	1034	8
348	1036	0
1399	3611	2
1980	347	2
2431	1412	0
757	1639	2
2093	1816	4
3570	2881	2
1778	1679	2
796	1852	2
1876	164	0
3612	1304	2
295	56	3
837	836	0
2746	563	0
1251	2590	2
1006	834	0
383	425	2
1244	3613	2
3436	1974	2
931	717	4
2707	478	0
2339	2088	2
1478	2000	2
2852	92	0
1736	3206	0
1418	1320	2
3614	884	3
3147	756	2
2112	1978	0
3615	1135	0
1033	2876	0
679	2911	1
128	1641	0
1578	3616	2
3023	1846	0
903	2068	0
134	379	0
930	3493	6
2887	359	0
938	3101	1
244	3617	5
2530	3201	4
3206	3205	0
655	654	0
3165	829	2
1868	1867	0
3157	161	2
2121	941	2
128	3059	0
3535	1453	0
2589	3282	0
1253	3618	1
879	3619	2
2571	1074	0
292	461	2
2597	3149	0
630	575	0
1391	2381	2
563	955	0
1187	1186	0
2754	2102	0
2014	781	0
2160	3146	2
2878	165	0
3379	124	2
411	2086	0
1271	2578	2
2622	1752	0
2035	2433	2
2287	3290	0
1130	3620	0
2958	768	2
1288	2302	0
952	2964	2
2589	3621	0
1139	420	0
187	186	0
3622	3623	2
168	560	2
418	2199	4
197	1678	2
318	2423	2
1236	2803	1
106	105	4
1177	134	0
1171	117	2
2824	625	4
1993	3624	2
2925	1404	0
396	1258	0
1072	1767	0
2367	84	0
3625	1949	2
3100	1836	0
2515	1413	2
1370	711	0
2255	1239	0
280	1923	3
454	368	0
864	359	2
1773	1772	0
1548	2419	0
2628	1350	0
2542	603	0
3202	996	2
1477	1632	0
922	2413	0
306	189	0
2682	833	3
364	720	0
1843	1842	3
1865	2746	0
2524	2650	1
704	1453	0
1168	905	2
3338	229	2
235	3220	0
159	706	0
561	454	0
2509	1234	0
599	574	3
1322	375	0
854	1908	0
1474	2539	4
221	3626	0
3229	2049	1
116	2709	0
365	932	0
1071	1333	2
1440	667	0
886	3627	2
587	1946	0
443	1043	0
1734	3136	4
486	485	0
3628	3629	7
605	668	2
1676	1546	0
39	2186	0
50	596	0
1581	1580	0
2601	71	3
2088	2413	2
1885	658	2
932	2367	0
352	1773	0
1029	423	0
2667	144	2
166	1031	1
82	1647	0
1950	1529	0
1950	2678	0
3563	1026	0
3381	2959	0
3057	3567	1
2466	1185	0
1452	1978	0
3630	1915	0
3631	633	0
815	255	0
1288	1342	0
2404	2197	0
2094	2462	0
2252	1024	0
200	3160	2
237	3091	0
2297	1862	0
1548	3416	0
3632	840	2
791	765	2
968	1864	0
1744	295	3
3633	1584	2
3586	340	0
3554	905	2
479	2400	0
1381	1513	2
1237	233	1
104	1615	4
1842	515	3
1825	1824	0
1600	2034	0
850	849	0
3125	2037	0
2390	2389	0
1019	2162	0
1654	1259	0
1588	2065	0
1230	1171	0
3634	435	0
614	1778	0
2848	3635	1
2017	84	0
67	2263	3
1188	3307	0
616	1872	2
1044	2053	0
132	131	0
466	1213	0
2518	3636	2
1994	1787	2
818	1915	0
3637	946	2
635	453	0
1286	132	0
43	426	0
1159	56	3
3638	414	0
2970	3639	1
3410	415	2
3242	107	6
137	2267	0
2154	2110	0
756	2613	0
3252	3314	2
2589	1602	0
2165	150	0
141	3640	1
215	214	0
466	1641	0
946	3513	0
1857	133	0
1349	3641	0
2051	3578	2
3642	413	0
2682	1821	0
773	772	0
3093	335	2
1725	1045	0
2761	86	0
1098	776	0
2913	748	0
162	349	0
1140	2731	0
1862	2297	0
2556	141	0
3643	1307	2
801	36	2
816	1944	0
499	3255	0
1361	3368	0
1365	3644	3
3204	2106	2
821	2115	2
2293	3324	0
2322	489	0
171	170	0
3466	944	2
3085	3109	2
2171	41	0
998	1906	1
3645	910	2
542	685	0
3637	1765	0
1164	384	0
1404	98	0
36	2103	0
2511	2434	3
1634	425	2
2482	3646	2
2376	34	0
1326	2534	0
126	2765	0
2960	3255	2
2731	507	2
1789	2768	0
1000	1501	2
3647	0	0
2866	1412	0
2539	454	2
2897	498	0
1798	3437	0
1657	1656	0
1214	1468	2
2635	749	0
3066	2203	2
544	2344	0
1675	1774	2
1074	3648	2
3649	1676	2
2326	165	0
1531	2157	0
3650	1218	0
7	3651	2
3652	1170	2
3345	1592	0
3531	3530	0
2649	3097	2
1113	1406	0
1270	19	2
424	1234	2
3433	3349	0
3288	2393	2
2625	22	2
2478	3361	1
70	69	0
96	2124	0
913	1820	0
596	1067	4
384	207	0
2199	1068	4
3105	3473	1
2421	2784	0
377	3653	0
369	293	2
1628	2068	4
1565	1511	2
2905	1383	0
679	3605	1
2980	1958	0
2613	364	2
2072	2071	3
1446	169	2
1272	461	6
2534	2954	2
1122	312	2
2064	2116	1
137	1502	0
63	34	0
2645	696	2
1185	578	0
1177	2972	2
159	2401	4
3654	884	3
1579	1177	0
2276	128	0
617	1626	0
3297	3560	0
2273	2885	0
2082	734	0
1725	2053	0
1194	1430	0
3655	3656	0
3288	2023	2
884	3614	3
3465	1541	0
939	3657	1
3374	1039	0
597	3658	0
3077	823	2
622	1199	3
2144	729	2
3127	645	0
15	14	0
2001	2221	0
411	1718	0
641	476	2
24	1708	0
1060	2160	0
1980	1615	0
2444	1628	0
141	622	0
1327	2236	2
1111	1110	0
2268	133	0
1115	1512	0
3034	2565	0
3073	3468	0
205	2769	2
3529	440	2
2250	1171	0
578	3456	0
1663	1662	0
379	818	2
2163	114	0
1975	1122	0
3383	2097	0
2269	96	2
2765	2509	0
573	2324	0
2318	600	0
2906	216	1
2618	356	0
2270	2653	2
3659	3660	0
1705	2828	2
3661	3633	0
3662	834	2
1730	461	6
988	587	2
1923	2065	0
1265	905	2
3663	1051	3
1483	349	0
3560	1141	0
3467	1772	2
966	3664	2
54	2768	0
3665	3666	0
2235	741	2
3108	1349	0
3030	46	0
27	930	3
1100	2667	0
1978	3667	2
183	297	2
2596	3149	0
3668	2782	2
2210	107	0
1644	979	0
508	3507	0
1625	868	0
1097	2127	0
2623	1720	0
687	130	0
2729	3669	1
3097	2126	2
709	1220	0
3411	1146	0
2076	2397	4
1406	2076	4
1484	2552	2
2670	79	2
1720	3650	0
3029	689	2
3670	3237	2
3049	350	0
1276	710	0
792	3477	0
1388	2563	0
528	37	2
1551	3480	0
2613	756	0
2688	2525	0
2949	2750	0
336	405	0
1602	2589	0
174	199	0
1070	2835	0
487	783	0
2739	2077	0
903	1950	0
1081	1080	0
3440	3671	6
748	747	0
388	2601	3
1236	539	1
2199	302	0
126	1333	2
1744	55	3
1141	1140	0
3593	2144	2
154	1022	0
658	2289	0
3672	952	2
3673	72	3
1959	519	0
2616	3674	0
670	1966	0
15	335	6
3572	2077	2
10	269	3
1352	699	2
67	3675	3
2261	2493	2
359	478	3
2063	91	0
1719	1033	0
1840	919	0
1493	0	0
1518	418	0
2278	1639	0
942	637	0
1767	1112	0
643	1118	3
3082	2958	0
1693	1269	0
3676	25	2
2993	900	2
471	2490	0
690	689	0
3116	2455	4
291	594	0
1449	1642	0
3677	952	2
27	3678	3
3226	834	2
3515	920	0
1142	1364	0
1482	1481	0
1427	0	2
447	495	2
2189	3679	0
2642	2715	2
712	1690	2
551	827	0
3283	1607	2
3680	1545	2
1860	2576	0
2301	1413	2
3558	2393	2
1412	2125	0
180	1818	0
3191	2828	1
2166	2161	1
553	2485	2
2277	1579	0
71	2579	0
1447	2242	2
536	2313	0
2064	3363	1
1689	465	2
807	3503	0
165	3338	0
2492	3681	2
1231	467	0
565	564	0
2738	947	2
3522	2990	0
3391	756	2
672	3682	0
2457	1235	0
1267	1266	0
2568	2567	0
2643	1298	2
2372	2458	0
676	1671	0
1472	1471	0
2935	1597	0
3683	299	2
254	2094	0
1430	2741	0
424	1186	0
1846	3581	0
113	1181	2
1607	25	2
753	1837	2
2524	166	1
942	454	2
1711	2580	0
363	2764	0
2624	3684	2
633	3631	0
2477	3527	1
2554	9	2
1276	319	0
2293	3376	0
576	3024	0
254	227	0
435	3634	0
1917	1181	2
2284	1595	0
1653	211	0
1302	3427	1
1678	2423	2
681	2608	1
3497	1247	4
2875	2653	2
186	1142	2
3548	342	0
997	1066	0
679	3685	1
1507	1413	2
3344	58	0
2175	2174	0
1202	34	2
2097	974	2
850	3686	0
2012	455	0
2885	2273	0
141	3687	1
3239	2241	0
200	2456	6
3127	2042	0
3036	551	0
2479	1146	2
1401	1896	0
1447	2786	0
651	600	0
3133	2005	0
1910	245	2
2616	2382	0
247	571	2
3107	2132	0
2359	2217	0
634	465	0
2088	1604	0
3359	1807	0
1024	1594	0
2014	2162	0
2365	1340	0
911	2038	3
1751	1431	0
457	633	0
967	1978	0
418	140	0
160	1174	2
3589	1386	0
269	390	0
756	233	1
3621	2589	0
1923	1382	3
2976	3210	1
3073	1851	2
2205	233	0
166	2022	1
133	817	0
1846	98	2
698	697	0
2214	199	3
2984	2927	0
2313	536	0
1637	2182	2
1219	418	0
571	2042	3
678	2936	2
617	395	3
2484	3598	0
377	148	0
2449	782	0
934	2928	0
1531	2208	2
10	3688	3
1236	2524	1
587	3661	0
3459	79	0
2929	1905	0
385	1853	0
2985	2407	0
1740	1590	2
1474	1898	0
159	158	3
3689	563	2
3690	2352	0
726	2050	0
2065	1588	0
538	3691	1
772	1212	0
2979	1484	2
1385	1061	0
3164	672	2
3103	27	0
3624	69	2
3692	3670	2
1693	2797	0
457	1207	0
2616	104	0
106	2705	0
2823	217	6
1637	2932	0
134	133	0
3019	453	0
3464	2711	0
343	1417	0
3607	815	0
886	1419	0
710	668	2
2433	2122	4
568	2424	2
2292	1157	0
2898	833	3
57	3693	0
2318	756	2
811	2065	4
3392	3422	0
3260	193	2
3247	1377	0
3178	24	2
3228	444	6
3405	3694	2
1074	2571	0
2664	409	2
221	1127	0
1232	3695	0
1604	361	0
3671	651	2
2528	1388	0
173	2338	2
1749	569	0
1422	3696	1
359	358	0
1661	1660	0
839	3697	0
3179	1931	0
2030	2016	0
1568	640	0
728	1945	0
2238	1300	0
1651	2576	0
3698	813	0
165	164	0
2923	2861	0
3699	2249	0
2916	1663	0
3315	510	0
1414	1753	1
2215	3700	0
1398	3701	0
1323	691	0
3488	522	0
3702	2914	2
2855	2829	2
1788	3009	0
1813	1191	2
1027	1877	0
2861	948	0
56	1159	3
59	492	0
3703	820	0
3306	2023	2
3642	1218	2
238	98	2
441	3377	0
165	1876	2
1076	67	2
1320	3704	2
3659	592	0
3331	3330	0
255	254	0
1109	2211	0
2525	1065	2
3437	1798	0
3705	2103	2
1006	885	0
3706	1798	0
2240	826	2
12	2479	0
2537	523	0
1466	959	1
1078	3593	2
1051	3663	3
1028	2246	2
1762	542	0
3355	269	0
2769	1840	0
1748	3707	2
1521	2659	0
769	3415	0
423	2486	0
867	866	0
2791	1551	0
519	992	0
599	53	3
2557	3506	0
1720	2623	0
972	640	0
148	3708	0
3709	886	6
3645	981	0
488	487	0
2068	903	0
3388	1706	0
2106	941	0
3195	295	7
922	2959	0
3653	148	2
3710	760	2
2398	720	2
2057	1595	0
3310	1500	2
148	673	0
2974	3612	0
3340	1070	0
2711	3711	2
933	235	2
536	535	0
639	96	2
587	586	0
2212	2653	2
3104	2815	2
3712	2213	2
3628	516	3
2859	217	6
3428	3213	0
3713	931	0
2773	1450	0
418	1274	3
166	2882	1
1566	1676	2
3679	3097	2
934	3347	2
189	364	2
1555	1554	0
2078	1793	2
2166	1191	2
2496	1084	0
3299	0	0
1066	98	2
1466	3346	1
980	1706	2
1847	3714	0
98	239	2
1737	1736	0
3715	2589	0
2868	454	2
1131	1496	0
3060	881	0
3716	1474	2
2467	1770	0
1007	169	2
1038	3717	0
137	2815	0
3091	1450	2
3340	1143	2
3145	654	0
1848	1847	0
3073	3718	0
3547	888	2
643	1228	0
3585	175	2
641	2738	0
2237	1091	2
616	1250	0
1474	624	0
1356	2634	0
816	3719	2
523	1121	0
864	863	0
2796	233	2
1046	3720	0
2825	552	0
3092	724	0
3721	2033	0
764	1835	0
2407	2715	2
2688	3680	0
2787	2171	0
2559	1447	2
2439	3253	2
1364	567	0
628	3514	2
815	814	0
27	2514	3
1423	184	0
1414	270	1
304	926	2
811	810	0
1606	3722	2
1094	123	0
422	180	0
1262	1689	4
893	2313	0
246	457	0
1098	2102	0
300	1540	0
3650	1153	2
2191	335	0
1100	387	0
630	3474	0
886	3723	5
2911	809	0
1361	3724	0
920	919	0
3725	662	0
2473	2312	3
1615	3726	2
52	3727	1
3129	826	2
1567	1566	0
3433	486	2
815	1700	0
274	927	2
1535	472	0
1757	292	6
724	3092	0
486	1096	0
3473	240	2
2059	1631	0
1450	3009	0
387	1100	0
1430	2829	0
3426	2581	2
2056	1051	3
408	3728	2
3212	3009	2
30	141	1
2837	3729	2
2126	722	0
1136	1135	0
2793	1611	0
1392	2750	0
1009	1054	0
3298	1026	0
3412	3560	0
1888	1648	2
3514	795	2
1611	2793	0
2873	1774	0
2198	940	3
3216	3703	0
2641	3540	2
368	454	0
1901	1367	2
1074	1331	0
1476	1811	0
2452	247	0
1915	1914	0
2170	1144	0
3372	2668	2
2135	716	2
1527	1998	2
1267	3389	2
489	766	4
2246	2269	0
467	3730	2
3579	842	6
2942	915	0
1216	1335	0
1755	1722	0
3235	3488	2
362	900	0
88	3175	0
956	1017	0
2020	484	6
3661	587	0
1788	716	0
461	592	2
3557	1038	0
2136	696	2
3731	1043	0
3487	1743	0
333	1556	0
1126	2729	0
1886	2001	1
1091	2238	0
747	1468	0
2876	1078	0
3373	1041	2
2005	3439	2
833	2682	3
3419	3732	2
1815	598	0
2728	2408	2
3308	2271	0
74	73	0
1066	1964	0
2611	2527	2
1278	1640	0
1009	3733	0
2000	658	2
3131	2034	0
1199	3647	0
3241	3047	1
2716	213	0
1874	343	0
2544	3734	7
814	3735	2
1545	36	0
866	551	0
1131	3317	0
1770	2467	0
555	2615	2
244	3736	5
201	2735	2
948	2861	0
1933	842	2
2296	3737	2
531	1453	0
1897	624	0
724	3395	0
1878	3738	0
259	2637	1
1398	3739	0
739	354	1
730	3445	0
1000	1501	4
371	35	0
1242	2345	0
89	1094	2
3568	900	2
1504	90	0
413	924	0
474	2704	0
1592	348	2
3560	3297	0
1434	256	0
2046	2575	0
782	1020	0
1404	994	2
3530	3740	2
3358	687	0
230	2325	3
2919	839	0
35	3170	0
118	3741	2
1522	2057	2
3490	952	2
3248	2094	0
1392	2345	0
1426	1531	0
2086	3459	4
3648	1476	2
784	783	0
3027	1140	2
3388	3671	6
3373	3742	1
922	575	0
1266	2796	0
1570	2886	2
475	220	0
3724	1286	2
1075	674	4
1460	1459	0
1342	2302	4
2132	461	6
532	3603	0
612	3743	1
262	659	0
178	2534	0
3051	1291	0
1259	731	0
2237	513	0
2394	1555	0
1187	3285	0
3232	3744	2
850	1647	0
137	1741	0
3745	67	0
63	330	0
2199	668	2
3665	2042	2
124	1093	0
2119	81	4
2062	2248	0
625	2824	4
1201	1424	2
158	422	0
1903	1264	2
679	1795	1
946	1562	0
3746	1455	0
344	2455	0
384	157	0
3293	3747	0
20	2422	0
220	98	0
2757	1918	0
2738	641	0
3169	122	0
3051	3748	0
1708	24	0
2713	3399	0
1463	2287	3
2800	900	0
3585	1165	0
314	313	0
3358	1003	0
1680	2075	0
3665	3749	3
3743	3367	2
60	59	0
522	3508	3
2686	2530	4
1696	2195	2
1777	136	2
358	2590	0
163	459	0
920	2680	0
358	472	0
3582	2668	0
3396	1099	4
1437	1734	4
212	365	0
2021	2233	2
1463	917	3
730	3199	0
1359	3750	2
2639	2871	0
1853	3751	0
758	2283	2
3544	1252	2
1788	1165	0
1149	1148	0
2052	148	0
31	194	2
3393	1205	0
3508	522	3
570	2574	2
1663	3284	0
2999	175	2
337	3752	0
3137	2923	0
866	2726	0
1253	3427	2
1538	1158	3
806	2779	2
3350	1711	2
2429	1252	2
529	3753	3
2775	1130	0
1759	298	2
92	91	0
1024	1445	2
654	1855	4
3754	2636	2
3755	826	2
2580	2418	0
682	1168	2
1708	3555	0
1476	3260	2
187	3549	0
662	55	3
9	2864	0
1128	3207	2
762	1234	0
2904	1442	0
3531	1308	0
3010	2198	0
1538	3756	3
1495	1091	2
2948	2060	0
1445	2252	0
330	63	0
289	932	0
197	196	0
578	2927	0
1250	1142	2
625	169	2
2068	1628	4
2678	1529	2
1398	3197	0
2270	681	1
1338	1149	0
1043	2733	3
900	2066	0
1738	170	2
2411	3136	0
2424	1091	0
62	61	0
2521	412	0
1186	424	0
3360	368	0
2558	89	2
1730	1729	0
3757	1982	0
1233	626	0
2179	2027	0
1969	495	0
3510	917	0
1928	1232	2
67	3758	3
122	3169	0
3457	1307	2
1135	1070	0
2054	134	0
3072	2954	2
3026	818	2
3061	449	0
388	3702	2
3162	2186	2
3656	3655	0
1746	1668	0
3759	359	2
1604	2339	0
3088	101	2
965	1233	0
625	624	0
2872	62	0
891	1893	0
2455	344	0
3205	2735	2
842	1457	0
2351	1287	0
2829	624	2
1274	455	0
214	850	0
860	951	2
979	364	2
2685	1889	0
267	410	0
3674	2616	0
1947	2215	0
3151	1791	0
3400	2502	0
2411	2423	2
692	25	2
3190	2483	2
2275	1168	2
621	1918	0
954	1792	0
3521	3302	0
1143	2358	0
1307	3132	1
3547	3258	0
839	838	0
2042	3127	0
2900	2899	0
114	1769	0
2457	2262	2
3760	1307	2
75	231	6
2613	1085	0
293	267	2
2837	2836	0
3757	59	2
3701	1398	0
2413	432	2
1268	1637	0
2616	2977	0
1909	855	0
1675	2138	0
447	1969	0
2905	1382	0
1426	1129	2
1364	2523	0
3148	3761	1
2292	2291	0
104	1120	0
3309	1087	0
2808	280	3
2346	785	2
2502	2501	0
592	3659	0
401	2222	0
2545	0	2
2254	3345	0
3742	1132	2
1453	704	0
2064	1884	1
1579	3032	0
3424	1718	2
614	1155	2
411	1666	2
1989	3189	2
1538	432	0
418	417	4
3459	411	0
2433	486	0
1486	3265	2
1026	3273	0
1659	781	2
1459	2903	2
84	2280	0
2706	820	0
3762	2912	0
1994	840	0
1148	347	2
1319	556	0
720	1804	0
1204	664	0
3617	245	2
989	3763	2
1537	1303	3
1831	1117	0
775	3764	0
2303	237	0
3236	399	0
3765	2708	0
2038	911	3
1418	1758	0
3528	865	0
3081	1473	2
868	1321	0
117	1246	0
2536	3194	2
1158	276	3
340	3586	0
970	364	2
3097	2688	0
1404	2306	0
57	1643	0
615	2327	0
1287	2351	0
1546	1690	0
402	752	0
756	1491	0
2286	1347	0
495	2459	0
628	1043	0
1002	923	0
72	71	3
3766	908	0
3255	606	0
1603	2103	2
2661	3767	2
29	359	2
1237	2566	0
2801	1255	3
833	913	3
1317	961	1
992	3173	3
592	238	2
3666	3665	0
3094	764	0
12	34	2
804	3236	0
319	2118	0
2751	1094	0
1964	1595	2
1165	3556	3
1137	3203	0
1023	3143	2
834	3568	0
2713	2099	0
1221	709	2
3196	374	0
1722	1755	0
3679	2189	0
1351	2278	0
2461	1891	2
358	1797	2
639	638	0
516	601	0
785	1242	2
1073	1330	0
2119	82	0
792	791	0
122	121	0
3720	709	2
1097	148	0
1459	630	0
962	952	2
2098	647	0
3596	356	2
2339	1604	0
1004	1003	0
2335	2334	0
3138	3668	2
2157	1876	0
300	2484	0
3768	3052	2
3171	1377	0
115	2717	0
1852	553	2
3333	587	0
3763	764	2
3392	3391	0
834	2390	0
2274	2736	0
920	3515	0
2254	2253	0
609	428	2
549	3525	0
3651	2495	0
1393	88	2
2648	3588	3
3769	104	2
92	2852	0
915	2942	0
364	634	0
2455	1712	0
600	454	2
2028	1694	2
9	3078	0
673	1075	0
3240	864	0
2137	812	0
3320	35	2
50	3770	2
989	2591	0
1294	1505	0
1375	184	2
173	172	0
1795	3707	2
3508	2115	0
75	262	0
3193	3366	2
630	629	0
2721	3014	0
1704	3771	1
405	760	0
2845	36	2
2410	265	2
2977	2616	0
1564	864	0
1628	1343	0
2124	859	0
932	364	2
2466	2465	0
2813	3441	0
638	2572	0
472	994	2
179	1941	2
224	3772	3
50	2538	0
2037	3676	0
30	3031	1
1313	1044	0
1218	1279	0
640	1161	2
3396	1761	2
412	1113	0
1365	155	0
374	1462	0
1003	1800	0
514	1351	0
1792	3151	2
1282	3773	2
1178	2576	0
3516	2456	0
1541	2764	0
1781	1780	0
1110	1696	3
709	319	0
3394	1190	2
1077	1076	0
647	2220	0
958	2682	3
3680	2688	0
2395	915	0
423	1521	3
1443	2721	2
331	3158	0
2991	2356	2
358	1941	0
998	1307	2
365	1338	2
3475	2873	2
1176	2050	0
3634	1621	2
236	43	2
3395	724	0
2019	571	0
2899	1000	0
1778	614	0
1149	947	2
2300	2884	2
35	3313	0
1034	808	2
381	3481	0
1066	997	0
1969	447	0
475	2754	0
2626	1605	2
2005	2004	0
1501	2794	0
3748	3440	4
599	1941	0
495	3774	3
3650	1720	0
1816	2093	4
1875	3754	1
2123	1870	3
2929	159	2
435	1639	2
2232	67	0
3405	122	0
1989	1988	0
699	1720	0
35	2087	0
1236	3191	1
1680	2179	3
1578	3001	6
1604	2410	0
1403	3283	2
3701	2466	2
2913	2067	0
261	260	0
980	979	0
3449	2120	2
613	137	0
908	2698	2
1652	1178	0
2171	1149	0
3708	148	0
1155	349	0
3032	2193	0
3182	489	0
835	3775	2
2315	1398	0
943	2921	2
3776	3491	0
3777	1132	2
1430	2632	0
1551	2175	2
2279	3460	0
2180	1025	3
803	802	0
802	3265	0
1450	1165	0
3351	1587	2
1143	765	0
1377	1576	6
122	2574	0
720	1233	0
3560	3401	2
3395	1576	6
1325	385	0
2864	9	0
240	3286	1
1137	3396	0
1441	1989	0
3778	476	2
3028	1413	2
2434	2511	3
1185	2466	0
759	2127	0
557	1319	0
1825	486	2
771	3032	0
3214	2692	0
2355	63	0
3096	3779	0
1858	2412	0
998	2934	1
94	1321	2
1859	993	0
2188	691	0
856	1564	0
3045	992	0
489	767	0
2495	1546	3
1368	384	2
1394	770	0
73	3561	0
1295	193	2
3601	2249	0
54	53	0
296	1159	3
510	1794	0
3303	2371	2
2576	1860	0
2750	843	0
626	2697	2
1908	854	0
284	1647	0
3491	3776	0
3607	89	0
713	388	3
3500	248	2
747	27	0
1455	1791	0
309	1260	2
3780	306	0
147	1239	2
2378	1468	2
484	20	0
3330	1501	2
3781	1744	3
1984	122	2
1570	1336	1
234	1101	0
2888	385	0
3507	509	0
1382	1923	3
600	599	0
3170	35	0
97	2893	0
3144	1178	0
716	1450	0
1792	1791	0
2094	3248	0
2576	2560	0
1021	1256	0
1053	3348	1
1416	1033	0
1569	900	0
3307	946	0
3782	1413	2
801	3152	0
3204	2527	0
368	2675	0
1527	65	0
865	3354	0
513	185	0
829	1776	2
2117	739	2
3406	558	0
2095	964	2
1894	484	6
983	444	6
2747	3783	2
28	3784	2
40	418	2
670	778	0
3734	2544	7
730	3287	0
439	1171	0
3599	3471	2
2181	1793	0
1330	2102	2
250	335	6
895	1657	0
3461	1455	0
1169	2333	0
3477	791	0
1397	305	2
133	378	0
1296	3479	2
2046	752	2
152	1576	6
2675	636	0
848	452	2
1631	638	0
757	1411	0
757	1441	0
3034	1237	0
1750	201	0
2316	858	0
1648	2145	0
3753	529	3
2178	1666	2
1893	891	0
1853	484	6
3778	2993	0
2932	2028	2
2654	2658	0
2940	3012	0
3387	152	2
45	1958	0
1051	3519	0
2567	1670	0
3088	1239	0
1915	3630	0
657	882	0
166	2653	2
1687	1389	2
2623	414	0
1849	2713	0
3410	496	0
2414	3785	0
3664	692	2
2569	1067	0
1743	788	0
1770	2468	0
128	3371	0
3469	3786	2
605	885	0
812	541	2
1140	378	2
979	2354	0
3274	1046	0
2546	916	2
1611	3787	0
1632	96	2
3127	783	0
2923	3137	0
231	705	0
2102	2754	0
2029	3202	0
457	1901	0
20	385	0
3595	1483	2
3588	3735	0
2787	1148	0
2682	2874	3
2580	1711	0
34	1003	0
511	908	0
2329	1407	3
955	347	2
3450	1793	0
2748	1307	2
2565	3034	0
201	1750	0
1781	1458	0
2260	569	0
627	668	2
1171	1230	0
764	2358	0
1091	3435	0
2778	677	1
505	504	0
2290	1066	2
2620	201	2
1456	3418	0
2098	1964	2
1428	115	0
1580	2001	0
3669	753	2
1159	55	3
112	111	0
837	96	2
2560	371	0
2335	974	2
2195	58	2
885	605	0
3268	1237	6
3530	2646	0
2995	1560	0
2398	2397	0
3788	3729	2
1348	1013	0
872	82	0
938	3156	1
3726	364	2
2	3046	1
2711	2710	0
2383	1724	2
3368	1559	2
144	143	0
1314	685	0
1510	3711	0
117	2895	0
1345	2195	2
1754	3423	0
2780	1849	2
1764	484	6
3682	672	0
2655	2654	0
1125	812	0
494	446	0
3395	603	1
3647	2920	2
790	789	0
1958	2639	2
2560	330	0
3549	187	0
544	543	0
624	2539	0
981	3645	0
370	369	0
3513	946	0
2087	35	0
272	1406	0
294	776	0
499	498	0
1703	2189	0
1616	454	0
1448	2018	2
1328	175	2
760	3275	3
1336	1571	2
2620	1239	0
795	1260	2
1944	816	0
3349	1043	2
81	2119	4
12	2600	0
733	2821	2
2754	1645	0
2589	3715	0
3551	3251	1
1151	999	2
487	650	2
1142	744	0
463	462	0
224	1472	4
1896	1859	0
2177	76	0
689	1760	0
1605	2410	0
137	1639	2
1354	3339	2
150	243	0
1847	692	2
3227	1016	0
3459	454	2
369	3066	0
3577	658	2
100	2639	0
336	1187	2
1416	1405	0
1009	1008	3
539	3789	1
411	3459	0
3225	1588	2
29	28	0
3375	2854	2
3543	947	0
2291	169	2
2131	2833	4
3116	831	2
1730	1242	0
2422	415	2
67	1143	2
2866	92	0
295	3195	7
3033	2952	2
297	88	0
3632	36	0
299	1100	0
891	1674	2
1080	2362	2
2563	1388	0
2113	1188	0
1526	3712	1
679	1925	0
2941	1815	2
3124	619	2
184	512	0
16	690	0
3041	1900	2
2590	3790	2
2327	1250	2
679	3652	0
1518	1068	0
300	3003	2
3369	2292	0
3092	1879	2
2626	361	0
3136	1858	0
3287	2577	2
2241	2134	0
3215	927	2
1434	105	4
1533	484	6
3647	1199	0
67	3745	0
1741	2245	2
624	1474	0
1567	43	0
1892	223	0
1806	2967	0
1510	932	2
1374	1455	0
2504	733	0
1490	798	0
1969	419	2
3063	2476	2
3709	446	2
168	3791	0
1022	154	0
1945	1790	0
3718	3130	2
412	127	0
593	1264	2
1870	2965	3
2054	941	2
472	1535	0
1441	2125	2
353	352	0
300	299	0
1260	1295	2
237	2870	0
55	1744	3
3518	1354	0
1661	235	2
2008	89	0
1791	2097	0
3792	1669	0
1848	1879	0
2001	1580	0
1938	110	0
2536	292	6
2632	1430	0
2355	372	0
567	1364	0
1158	1432	0
1458	3671	6
3145	1855	0
1904	2929	2
3659	1340	2
3523	1413	2
630	1459	0
574	599	3
451	3765	2
2627	1791	0
1139	3693	0
3793	3541	2
2053	1725	0
946	464	2
1351	514	0
2498	622	2
1246	117	0
3009	3033	0
2711	214	0
2014	1659	0
1906	1307	2
2380	1482	2
3519	1986	0
3620	1130	0
2853	3491	1
1414	3551	1
3794	383	2
3690	3795	2
3796	2704	2
3797	3339	2
3798	1535	0
3799	1920	2
3800	624	2
1134	3801	2
105	3802	2
2684	3803	2
3804	2792	2
3805	139	0
169	3806	3
3807	1109	0
2515	3808	1
62	3809	2
3810	1974	2
1968	3811	2
3812	520	0
2443	3813	6
3814	1242	2
3815	2850	0
2452	3816	2
3817	3818	2
3819	826	2
1210	3820	2
3821	2037	0
568	3822	0
27	3823	3
3211	3824	2
2477	3825	1
1244	3826	0
299	3827	7
3828	1006	0
282	3829	2
1995	3830	1
2970	3831	1
3155	3832	1
3833	619	2
3834	2267	2
1146	3835	0
3836	3367	2
3837	62	2
3838	302	2
3839	2818	2
3291	3840	6
248	3841	3
398	3842	2
3047	3843	2
1171	3844	0
3845	840	2
2141	3846	2
3847	1026	0
3848	1421	2
1886	3849	1
644	3850	2
3292	3851	2
22	3852	2
3442	3853	2
3280	3854	2
708	3855	2
2233	3856	1
3340	3857	0
3858	727	0
1785	3859	2
4	3860	0
