180
0	39	0	25	2	245	271	401	488	595	598	138	277	732	100	432	1195	159	362	506	250	635	1108	864	385	440	13	212	784	1229	899	48	294	394	1191	605	256	407	798	823	663
0	43	1	26	75	246	272	335	489	596	517	377	70	132	979	616	207	352	35	410	1033	364	361	114	634	1315	368	160	327	363	549	1060	215	490	417	131	10	583	758	275	1240	661	1528	113	628
1	158	2	38	52	127	144	256	274	294	333	385	401	403	184	112	65	440	497	387	277	612	14	535	589	122	595	53	698	732	736	304	714	421	804	812	763	823	629	727	884	73	900	341	332	276	429	951	973	686	999	1023	260	1049	1068	856	1082	232	600	266	1089	1086	877	354	378	892	1108	1116	34	25	599	1103	968	992	712	730	407	0	835	1017	706	882	140	175	435	738	1115	171	138	511	458	48	586	1324	1350	767	980	1301	1353	46	1014	416	1253	196	395	863	747	1142	531	1157	538	505	370	362	408	1442	833	519	399	243	1399	1029	1236	376	1207	524	899	530	1187	1218	186	822	907	1352	854	784	1387	1237	1481	460	602	987	1500	226	831	258	146	1120	864	860	87	969	624	598	960	1242	372	1454	452	603
1	13	3	64	88	402	613	737	406	983	1099	927	1182	33	1569
2	194	4	39	51	94	137	141	156	157	189	269	293	305	185	345	386	358	398	417	41	453	102	487	525	527	533	537	579	679	680	349	721	733	391	779	251	781	793	560	809	768	233	799	555	869	894	904	342	923	504	970	821	1024	1032	1039	1041	124	290	608	844	261	113	1140	902	503	653	242	967	1027	620	346	26	1171	1180	676	1223	1143	1196	795	1018	1264	239	786	368	1022	476	1005	183	697	229	832	518	1015	1335	439	649	35	785	545	811	308	508	1198	1373	1380	1320	1389	1390	623	379	510	222	182	919	734	634	1194	1127	466	797	858	501	347	704	1434	1298	486	1276	824	206	1225	410	441	755	1098	324	604	340	1096	1483	1339	132	1257	955	1494	10	431	1112	128	1465	1009	103	1273	1383	211	840	715	766	827	1028	528	1349	694	1379	303	1346	1305	756	709	1053	701	1159	172	246	1490	72	1227	1035	901	1150	427	1318	1312	377	1388	703	114	489	1219	839	1136	713	257	1030	1091
2	14	5	95	158	306	318	454	534	640	754	961	1327	639	1435	1479
3	2	6	1262
3	2	7	1263
4	3	8	29	240
4	73	9	18	30	241	262	263	285	334	351	357	400	483	564	632	692	735	746	748	642	750	876	893	906	921	764	886	1085	1093	868	699	151	1129	1153	897	1117	1062	1230	1238	214	1270	1282	1283	1334	842	1344	810	1372	1381	1396	1255	1265	1443	228	177	593	1473	1463	330	1492	1220	1515	1518	1520	647	1540	1548	1555	1570	910	917	952	896	1345
5	5	10	981	939	972	477
5	5	11	982	1326	1444	1441
6	18	12	111	139	142	173	375	322	181	176	121	805	42	1036	820	843	1004	1149	1001
6	74	13	112	140	143	266	232	341	376	387	460	581	602	603	609	277	712	589	65	595	25	245	907	212	732	992	370	175	899	823	747	610	1086	171	951	138	226	599	1243	66	600	436	432	250	1068	385	155	505	598	435	452	738	73	822	1277	333	960	780	2	1049	1236	1218	123	1481	429	1207	456	1352	693	1014	332	1082	835	46	196
7	52	14	46	73	76	84	91	155	186	297	395	399	408	112	421	274	519	531	605	387	663	747	416	763	436	836	851	581	600	276	846	987	1029	969	1097	133	730	1156	524	624	538	1217	951	1242	378	1252	1157	1284	940	1454	1442	394	612
7	14	15	47	6	92	298	396	22	80	178	148	685	591	224	310
8	422	16	67	74	93	99	101	59	124	126	180	183	215	216	221	233	238	239	68	259	286	299	242	346	359	129	384	102	397	130	409	433	439	380	391	210	152	410	477	490	498	270	508	526	72	532	548	386	560	573	582	244	592	211	222	604	608	620	622	358	636	673	681	701	703	398	715	718	217	720	35	50	733	752	753	758	337	728	766	585	785	786	825	826	802	504	227	849	850	611	885	230	901	902	912	914	931	934	716	182	941	190	607	628	954	955	41	594	827	486	986	470	740	441	1007	257	1022	537	815	1031	563	614	932	365	135	1061	349	114	1087	974	1090	1098	1101	1063	946	1127	708	453	1144	773	661	898	1160	1171	972	1174	1175	467	1047	970	1083	1	1198	606	172	141	781	1208	1212	324	1214	1215	769	1219	231	1221	479	507	1121	187	78	963	939	503	1246	1042	137	1256	1225	379	1261	672	163	188	1278	694	1280	687	438	1290	417	1298	1005	1303	1308	371	1311	1258	1320	1035	1140	253	364	696	779	584	1135	1015	522	1339	904	347	404	156	803	1203	1346	288	26	1348	1349	1125	1133	616	814	1118	1266	305	132	787	949	1373	246	697	31	981	428	1305	307	71	1384	1386	996	821	947	10	995	1312	660	1223	1397	578	207	293	976	521	936	726	634	1404	79	734	447	320	1337	789	676	731	709	515	37	1053	1107	768	1436	1417	1024	75	596	296	677	261	1145	919	751	840	4	523	1150	948	793	654	1449	797	185	1456	278	249	206	40	724	839	1018	684	979	235	1470	1464	489	788	471	1476	878	837	1084	77	1480	431	51	1465	1485	874	1091	967	237	742	713	269	466	1423	1506	1507	169	1509	424	1477	1310	377	164	1512	615	1146	308	422	1112	281	545	1519	290	1468	922	1576	389	157	326	799	1448	1009	1027	1155	303	44	1379	514	1041	1037	1409	1526	1495	119	1190	361	894	580	1533	427	832	493	1228	1032	1388	1271	525	1136	528	561	252	339	623	991	1196	170	579	300	165	1431	913	1383	577	45	771	866	279	807	1028	1194	1181	937	527	319	1159	925	1419	1567	869	1325	1380	323	1447	1426	1180	1494	1395
8	1	17
9	115	19	145	195	257	70	279	303	335	342	371	235	457	507	510	523	164	494	527	238	716	726	1	758	620	67	166	439	265	826	434	724	160	312	321	131	428	165	1042	634	132	1022	78	361	1166	1066	1179	368	622	221	515	410	901	71	844	966	628	1342	1335	364	1379	59	1395	1101	180	444	654	1413	526	486	614	441	380	313	252	998	1374	16	932	728	326	253	771	45	996	1303	1240	1121	785	193	1398	201	1533	615	704	922	242	1061	278	925	1264	498	327	352	661	75	320	1470	299	126	207	1051	814	1033	1339	611
9	113	20	146	196	258	277	280	304	336	343	372	436	458	511	524	197	576	589	629	717	727	0	767	605	870	877	899	435	535	38	395	354	294	485	378	297	884	999	968	635	732	91	765	198	155	133	362	992	65	492	505	1217	863	882	851	900	46	938	413	1081	538	112	429	1352	421	1049	800	836	341	1277	833	1406	1253	1400	226	918	1020	664	292	401	1126	1068	333	556	1454	463	798	1023	175	980	1387	1293	856	519	407	186	192	1399	1207	747	1108	34	719	1120	804	432	2	317	184	610	791	194	831	663
10	9	21	174	218	225	309	566	667	668	722
10	18	22	47	178	310	298	80	15	650	92	848	881	1025	1137	685	6	148	552	1251
11	13	23	203	536	331	857	1231	1366	205	1420	1281	1514	513	529
11	1	24
12	32	27	162	181	287	338	173	418	136	648	725	743	121	820	322	957	1004	411	475	710	451	176	139	805	1074	301	1416	446	12	1001	1036	1233	42
12	78	28	163	182	288	339	377	419	578	388	649	290	733	553	821	919	312	958	963	1005	1010	1028	1033	802	364	1054	514	75	507	521	39	772	1194	365	1	340	966	814	1155	991	1098	817	1258	345	302	742	615	932	787	397	1398	1417	327	188	715	244	1101	59	1150	687	517	160	840	210	390	1271	793	381	363	157	616	1375	1426	1118	974	1119	1063	352	690
13	12	31	424	447	561	744	874	878	1431	1397	673	1174	837
13	11	32	425	448	562	745	875	1332	879	1173	1299	621
14	10	33	64	3	406	88	148	402	92	310	703
14	92	34	65	122	38	292	407	413	429	432	440	184	535	586	686	519	595	714	256	822	833	856	863	892	763	530	602	458	987	706	376	1103	395	1120	399	780	408	1236	511	84	1293	497	1324	1023	232	1157	171	1115	899	196	1187	589	738	864	341	581	823	960	460	1049	717	274	2	266	693	609	436	143	25	612	1014	556	277	243	73	1068	421	492	730	1301	732	370	1082	1242	452	860	854	747	226	835	385	992	712
15	349	35	37	44	50	59	72	85	96	106	119	125	132	211	238	289	296	231	323	344	281	269	327	233	404	422	371	427	210	428	365	467	470	471	479	484	502	504	486	517	522	528	19	557	558	559	409	563	569	230	583	206	577	185	644	653	654	523	687	634	510	433	316	729	160	555	749	755	768	489	788	789	515	797	813	815	817	824	839	561	844	845	377	752	410	347	299	905	507	937	493	272	832	10	976	476	991	996	1000	981	1009	1015	959	1030	1038	606	772	279	1056	827	190	490	1063	264	770	966	901	93	1092	779	955	681	170	1130	995	1134	1060	1150	1095	1033	802	616	1190	740	1193	1197	902	1210	1133	321	342	1225	1155	1227	1228	1013	307	453	1040	739	1250	1096	1257	441	919	771	1276	1214	611	526	340	368	349	965	604	1305	1028	388	742	77	518	145	1297	169	623	967	946	1338	129	1174	300	74	1159	781	1160	713	1125	1039	202	288	278	1241	703	1290	1383	878	216	661	758	1408	1388	229	912	849	1215	1312	98	1419	1426	1429	239	466	1010	1144	1447	756	578	1374	472	1118	1196	1035	786	674	874	308	1258	701	580	1432	1449	826	1179	183	1256	1146	1005	1325	1027	1348	1477	1482	1170	4	724	850	438	235	1180	257	313	1508	207	462	68	704	620	242	949	1409	923	1336	1208	592	913	244	1349	1526	1221	1532	1567	70	979	1302	1090	548	126	201	1042	353	1278	182	1121	419	680	1223	1453	898	189	549	217	974	431	319	1280	1067	1379	1127	83	894	1175	1413	708	1423	582	193	157	814	434	270	821	1112	363	766	1041	124	1037	573	314	941	482	26	803	986	156	718	596	1485	939	1497	787	131	925	885	1506	364	677	180	840	251	972	615	113	690	345	958	1470	487	914	1240
15	1	36
16	174	40	102	130	251	165	131	145	39	307	252	71	352	363	380	388	135	94	113	11	493	320	119	553	554	423	166	584	321	45	235	188	607	299	691	349	702	704	265	661	728	649	739	83	494	582	222	594	1	759	771	312	390	827	724	756	132	515	302	114	70	802	913	339	634	455	163	96	758	925	628	675	557	180	278	103	1067	189	389	313	523	498	941	1135	676	303	1172	221	269	68	364	237	772	998	246	932	164	604	680	585	1092	705	779	741	377	242	433	659	308	817	327	230	1033	410	1018	275	1040	799	381	85	1360	160	1063	231	858	41	340	866	37	187	1276	740	981	1022	141	358	1432	1118	1273	1013	1429	922	1386	316	797	345	1390	427	555	72	77	239	709	1203	10	1031	762	1136	936	1155	1101	391	1480	1404	67	379	616	608	1342	206	1374	244	1028	537	1145
16	173	41	103	131	70	252	265	235	302	308	164	251	364	381	339	389	423	114	10	494	515	327	380	555	71	585	607	135	523	187	125	278	604	313	221	702	166	724	77	390	165	740	741	410	493	756	222	130	340	772	132	321	802	96	661	312	39	113	352	145	582	498	762	388	1	925	932	936	634	680	45	67	827	242	676	1013	320	377	1040	1057	379	102	759	858	728	1136	704	799	237	1163	797	445	141	1031	1203	160	303	771	1033	659	180	691	163	584	959	275	981	227	616	1273	206	85	246	358	1028	119	231	998	1118	705	72	553	433	94	363	675	230	941	189	1063	1386	1360	718	594	270	1155	739	779	307	922	269	342	40	649	557	1390	758	484	188	1172	817	1429	709	554	1480	427	11	68	299	913	1135	59	455	1276	1022	239	1145	1101	349	1258	1374	391	1318	1404
17	11	42	162	338	451	805	1001	1036	12	418	287	121
17	19	43	254	857	867	23	331	943	536	1281	234	588	1420	203	513	1231	1329	1323	1366	205
18	16	43	203	205	234	315	513	588	867	943	331	1329	254	1420	1281	529	1323
18	46	45	163	206	235	316	145	514	180	380	164	795	129	802	594	966	967	361	490	1067	222	554	1003	1325	615	626	1404	821	160	68	1467	308	687	246	165	553	381	252	455	323	261	41	364	1271	623	549	103
19	190	48	53	123	194	38	146	354	20	416	452	460	429	492	276	538	13	556	567	587	292	387	765	76	784	138	519	46	835	846	530	52	918	920	960	964	226	370	980	186	435	1020	458	34	196	133	485	1076	717	440	273	1086	497	1126	294	610	600	804	1186	968	1199	1043	1207	511	258	831	595	1097	333	1229	870	833	401	612	712	1277	266	603	524	635	87	1014	256	1301	698	260	1082	1068	268	1252	1253	395	1353	798	951	280	747	624	576	1382	112	962	1350	1237	763	1218	714	1187	1293	987	792	1352	0	408	1405	767	1400	823	629	407	598	304	791	413	84	992	343	1123	372	581	719	2	535	1132	780	1414	143	531	505	973	1481	140	1023	25	1217	127	609	777	822	1017	892	274	1554	197	122	860	378	1454	421	732	1108	317	332	232	900	856	394	664	385	1284	436	1399	812	899	1442	686	366	1195	1116	277	297	91	376	1406	800	14	336	602	198	1115	589
19	3	49	54	590
20	5	55	1021	929	1168	1521
20	7	56	479	930	1309	1169	1436	1002
21	16	57	81	86	540	541	58	572	474	903	550	461	568	928	82	369	546
21	16	58	82	81	541	550	568	461	572	546	903	86	369	57	1205	474	540
22	6	60	219	420	645	859	883
22	11	61	220	646	723	774	830	420	1072	1080	1461	1593
23	4	62	118	783	1550
23	11	63	520	657	1045	933	565	782	1551	117	109	426
24	22	66	87	159	586	861	916	926	1128	171	212	271	1191	488	1243	1044	245	100	1505	1589	1403	693	717
24	8	3	88	64	862	737	927	1295	1394
25	5	68	901	1302	190	569
25	3	69	92	665
26	99	70	113	164	187	227	230	206	312	320	313	358	165	594	246	675	103	180	498	423	799	363	741	858	252	607	188	231	739	391	844	1033	553	718	515	1118	83	349	676	316	381	251	72	482	377	345	299	321	582	537	278	1203	1015	308	817	340	364	390	1092	11	102	71	40	740	85	1163	596	573	39	433	379	189	235	1240	585	1342	1040	114	257	270	45	1172	160	1432	163	484	616	380	659	1258	691	584	1067	389	410	1018	10	339	976	827
26	96	71	114	165	188	231	242	270	313	321	349	308	227	222	616	659	676	102	515	164	251	675	364	252	189	180	45	187	741	230	41	740	340	257	423	70	381	866	1018	410	1040	484	380	278	1240	244	817	1067	312	1318	320	797	131	573	358	345	391	1033	649	959	10	160	691	739	433	303	979	1015	389	85	235	858	498	976	379	482	584	1258	1172	113	844	607	342	316	377	246	1342	299	585	582	39	83	553	1118	11	388	634
27	2	77	78
27	2	78	77
28	53	79	217	264	231	466	491	561	696	769	837	718	438	230	972	1047	1051	1125	1092	1095	339	912	1005	1030	1294	447	1336	740	679	787	1423	1256	1009	1084	644	1346	1468	1305	1448	1478	1193	1497	611	677	919	1133	1027	293	708	1181	845	185	477	398
28	6	80	148	47	92	22	310
29	69	83	10	344	441	388	503	528	525	157	253	361	583	821	947	106	390	1040	533	965	1152	1155	518	716	252	28	489	19	39	939	1066	1193	251	1302	1094	826	753	573	1342	327	1198	802	380	1423	1194	756	1150	1032	466	1250	653	164	1041	557	1166	661	1294	319	211	314	368	1063	502	759	326	702	718	1098	809	1240
29	2	49	950
30	22	89	473	241	868	896	1255	1274	275	1316	659	1062	177	1073	1202	1469	897	1326	262	544	764	150	1471
30	8	90	383	1104	449	153	543	149	224
31	32	97	115	168	209	236	355	760	806	88	948	984	985	1026	1052	1058	1111	1164	1248	1340	1377	1486	1517	828	1524	1529	1546	1549	1556	1581	1592	829	1501
31	38	98	116	169	210	237	356	684	182	721	761	807	521	949	359	439	1027	1053	1059	422	1165	1071	1249	431	781	441	445	946	1363	1130	487	397	1261	410	1011	850	574	825	1491
32	28	100	212	575	250	87	1044	1110	488	1209	405	159	1403	1430	171	66	1128	693	1543	1579	1586	506	610	861	271	1191	1566	916	586
32	1	49
33	2	104	105
33	2	105	104
34	28	107	151	228	647	285	689	810	819	896	897	910	1055	357	1204	1220	642	334	241	1357	593	330	1452	351	1463	1553	263	1117	699
34	40	108	152	229	324	233	690	811	528	296	753	242	898	653	188	594	606	347	1181	1005	1221	532	290	844	303	1096	995	270	1063	684	1453	307	959	991	1196	742	974	932	129	1227	626
35	4	109	871	117	657
35	3	110	1161	1222
36	4	117	1124	657	1045
36	1	118
37	145	120	135	172	222	132	300	189	327	337	340	365	410	445	450	472	290	157	521	312	549	577	614	615	626	560	39	527	742	272	68	770	772	596	787	210	578	582	814	517	840	793	391	79	649	922	965	182	974	821	802	137	1011	616	1037	729	1060	1066	690	1094	967	307	1107	339	163	377	680	1159	817	239	1170	1083	489	1035	419	1118	352	188	390	1271	1063	970	242	1312	364	1258	1033	932	507	958	919	1375	44	59	160	1392	1101	417	607	1343	966	229	361	963	344	270	1325	253	388	1448	687	771	1460	397	807	75	1495	1426	785	1054	67	1005	1467	1155	1172	594	165	98	244	1119	206	257	1098	404	380	1386	70	1310	563	1280	733	345	1408	991	1194	363
37	34	121	136	173	162	301	322	12	328	139	287	176	411	446	451	181	475	27	42	648	805	838	843	1036	1074	725	338	1149	1001	142	1233	1313	957	820	111
38	25	128	242	319	129	390	803	816	39	391	894	758	1374	502	202	83	563	316	377	380	559	131	713	649	119	130
38	24	129	119	202	128	391	380	39	131	83	758	894	390	377	713	319	559	130	649	316	1374	803	816	502	563
39	89	133	138	38	260	268	273	395	84	112	777	780	831	767	765	576	458	531	969	603	1014	854	232	1081	333	860	456	1187	1195	511	1237	1247	1253	835	1132	863	798	317	1108	882	609	804	629	127	226	492	122	605	277	602	378	714	336	1126	980	587	46	940	196	91	304	1103	1236	463	1277	52	706	664	1454	900	146	1207	341	429	732	784	1387	1023	968	421	846	144	964	877	197	892	600	581	535	851
39	4	134	639	1307	640
40	11	147	619	449	924	977	1046	662	430	1355	1516	757
40	3	148	92	310
41	30	149	148	199	213	90	92	543	80	383	1109	1122	310	1177	1285	631	6	618	1169	69	1445	1104	1484	1493	1376	1498	153	1541	834	1077	291
41	84	150	177	200	214	255	350	430	449	509	544	671	707	778	808	852	942	971	1006	896	1019	1034	1062	990	1088	1106	911	790	1167	1178	571	910	662	1245	241	1286	630	1296	865	633	917	1002	1330	617	1347	1351	311	1148	688	1104	1407	619	1192	1204	757	1446	1306	1255	1450	1457	1109	1341	1292	801	1113	1489	330	1496	699	868	147	1359	1147	1530	1538	1510	1565	1571	1122	834	1078	1046	1469	975	351
42	7	153	90	149	383	178	148	92
42	4	154	167	1016	678
43	15	159	192	610	627	693	1044	171	271	1317	1191	717	575	212	1511	488
43	26	160	193	611	628	582	363	189	444	932	93	1033	279	428	1042	583	996	1094	559	549	251	716	125	577	170	1409	45
44	2	92	80
44	1	161
45	76	166	261	353	129	128	577	388	661	677	708	342	611	99	749	230	614	1075	441	769	453	762	290	522	1206	972	787	1092	68	1096	704	734	923	423	676	39	826	71	1179	398	773	1057	1198	447	814	713	755	202	335	1010	434	16	1107	1015	636	410	1047	1063	1166	1133	361	467	946	215	377	457	1256	1432	849	278	949	1467	526	70	380	1266	573
45	5	167	154	678	1016	1139
46	83	170	160	249	434	455	377	257	207	623	634	113	709	1	59	75	165	661	758	832	265	252	368	235	441	349	324	363	364	11	1095	932	327	1189	583	490	998	70	141	1033	1170	549	307	114	189	352	628	1202	132	787	731	278	10	1409	131	26	718	361	626	244	779	67	1490	517	771	215	335	1528	272	728	1018	35	1037	840	558	1315	246	4	789	596	180	275	527	1480
46	78	171	159	250	435	456	385	258	100	624	635	341	719	38	2	91	798	767	146	34	226	864	378	155	732	212	317	184	833	13	332	1191	1195	1020	831	138	277	693	405	610	25	506	0	432	524	297	1049	436	602	294	394	738	1400	362	370	605	243	747	1218	598	1229	401	823	271	112	1199	65	730	780	918	1108	245	1044	1082	440	256	589	595	854
47	29	175	140	226	232	2	387	13	38	712	376	730	385	266	73	599	432	505	452	212	1352	738	159	732	693	598	112	245	609	1086
47	15	176	139	173	710	12	1004	743	142	322	1149	375	42	121	805	1001
48	8	178	480	47	650	1251	1287	551	1369
48	1	179
49	27	184	243	385	968	1132	34	370	635	1218	258	1382	1387	1108	1237	595	122	175	1186	341	1242	800	1195	1442	899	440	138	146
49	18	185	244	654	489	768	634	694	257	779	1325	242	1037	596	514	687	490	307	832
50	6	190	1190	453	1465	739	50
50	2	191	369
51	2	197	1382
51	2	198	800
52	6	201	368	299	39	202	816
52	7	202	299	368	816	319	39	201
53	3	49	590	950
53	8	204	591	881	15	1137	148	248	6
54	47	207	290	326	347	518	288	622	1	124	279	680	438	487	246	233	1096	293	1112	491	1133	1159	660	1170	713	1196	821	83	305	1121	816	1098	466	724	1264	404	1012	269	1417	1032	1434	1258	1465	397	716	1423	1336	424
54	31	208	291	90	348	625	790	891	935	989	1002	224	1064	796	383	147	1113	449	942	1162	149	1356	153	148	1427	1437	1455	1504	617	1534	1355	1050
55	11	223	597	151	1139	1291	699	1411	1475	351	1463	150
55	8	224	956	291	1364	1376	617	208	834
56	12	192	378	485	341	938	1017	1123	706	719	664	1277	91
56	10	4	379	486	709	939	10	288	490	156	235
57	3	247	282	1544
57	5	248	80	90	1545	92
58	18	253	444	183	45	762	1013	1091	265	620	286	716	904	1179	229	145	1523	1143	858
58	1	49
59	12	63	392	520	933	565	657	109	1365	117	871	426	1559
59	7	267	393	818	847	329	1234	1105
60	4	275	459	705	1410
60	14	276	460	706	1157	133	399	581	992	1029	256	511	186	530	143
61	2	15	92
61	1	161
62	3	8	29	240
62	16	278	377	545	1	713	180	814	1310	959	583	1386	606	1337	811	129	327
63	1	281
63	1	282
64	22	283	178	478	516	637	873	997	887	1188	1216	1235	1259	630	1354	1376	1385	1418	1438	1525	1560	1563	952
64	2	284	360
65	22	295	465	642	655	1173	1269	468	1153	1345	1412	1428	426	89	275	906	1371	30	641	1073	1459	735	1572
65	1	49
66	1	36
66	48	311	325	665	291	911	1069	1079	1100	90	757	1192	1178	92	1239	1292	1306	224	147	834	688	1415	971	1433	1466	617	942	1359	1502	1262	924	298	1510	1537	1539	1568	1341	619	1355	22	1147	1006	1106	208	1437	1536	148	1050	1455
67	6	229	131	314	119	959	1338
67	6	314	119	229	131	1338	959
68	17	10	361	172	779	654	1170	1037	377	596	490	288	840	832	517	489	417	257
68	25	317	362	530	800	968	25	341	385	440	1195	421	407	146	595	598	1132	747	138	784	394	65	719	332	48	258
69	1	212
69	1	324
70	7	329	267	818	847	1105	1234	393
70	10	330	593	886	18	241	868	1093	658	1282	1334
71	10	331	43	234	529	1323	943	254	857	315	1514
71	11	332	405	505	530	159	245	600	123	271	1352	693
72	27	366	463	52	664	860	882	877	962	635	256	456	485	798	1217	458	899	20	1400	1414	730	609	421	531	138	143	505	277
72	2	367	1151
73	4	369	461	572	550
73	11	216	462	340	866	545	739	978	302	690	1360	1494
74	6	370	243	530	277	138	440
74	6	243	370	440	138	277	530
75	2	373	621
75	5	374	414	1288	1503	1580
76	3	240	8	29
76	12	49	412	944	751	1211	895	1244	1260	643	1102	853	1584
77	8	382	794	1268	775	1131	776	1440	1557
77	6	383	149	90	69	153	1541
78	11	394	362	175	624	598	48	1218	258	341	25	0
78	11	10	361	514	623	1018	417	1150	257	709	26	427
79	6	414	1201	1213	1226	392	1474
79	1	415
80	6	426	782	63	933	565	520
80	2	62	783
81	18	431	660	866	978	438	1012	182	1146	931	450	614	1175	545	187	216	163	44	50
81	8	57	461	81	369	572	1205	58	550
82	9	437	481	499	500	700	855	988	1499	1331
82	30	438	482	487	501	606	561	489	959	335	525	749	972	549	398	1121	661	265	68	502	672	1436	484	166	729	242	687	126	1338	1060	221
83	4	442	495	512	1176
83	3	443	496	1279
84	28	310	464	551	669	90	311	670	887	1114	591	148	848	552	881	248	1421	1424	149	153	1192	865	650	480	1425	1558	15	92	1422
84	27	148	15	552	670	153	865	669	888	149	480	310	848	650	1422	1425	1114	881	90	311	248	591	551	1424	887	92	1558	1421
85	3	186	1043	343
85	3	47	685	22
86	5	468	641	473	1321	1371
86	1	469
87	13	474	57	572	191	928	369	540	568	550	81	1205	546	903
87	14	369	191	550	57	81	461	540	1205	546	474	58	928	572	568
88	1	49
88	4	476	253	1241	484
89	4	480	310	552	92
89	4	310	480	552	92
90	4	69	617	1262	80
90	9	410	70	39	201	166	131	368	636	728
91	11	114	4	141	113	471	489	1297	246	1037	379	324
91	9	506	192	405	610	245	250	488	1128	212
92	10	539	945	1065	1272	1275	1300	1333	1562	1564	1588
92	20	438	946	72	441	116	1071	98	431	368	487	1337	1261	761	210	347	462	190	781	690	1434
93	4	153	178	90	298
93	2	542	1362
94	26	381	368	119	391	182	166	353	215	390	998	202	525	1343	1160	793	1075	734	83	201	380	636	758	462	749	68	131
94	26	380	299	131	390	462	734	215	353	391	319	749	68	83	636	1075	793	166	1160	758	39	381	202	201	182	998	119
95	5	546	86	58	81	461
95	5	86	546	461	81	58
96	2	362	836
96	2	547	1527
97	8	224	757	348	617	6	1262	1104	662
97	2	105	104
98	7	565	657	109	933	117	63	392
98	9	357	658	699	642	868	351	241	886	1265
99	5	570	617	1078	1359	790
99	5	571	618	1077	1498	1122
100	7	209	828	168	1451	1487	115	1531
100	8	115	829	355	97	1488	1501	985	1529
101	5	572	369	191	546	928
101	8	574	445	993	1071	1141	453	1491	1165
102	19	579	696	713	773	1083	580	545	124	1388	398	797	1513	281	1022	305	697	1380	1107	560
102	14	580	697	409	1084	233	503	703	1196	257	1083	931	1212	797	124
103	26	581	738	362	940	143	663	1157	184	730	2	600	780	686	792	535	436	73	408	76	1500	403	1575	1242	1116	292	376
103	5	92	148	80	310	15
104	7	178	1169	298	15	56	92	930
104	7	298	92	930	15	56	1169	178
105	5	598	791	792	243	599
105	5	599	792	243	598	791
106	18	600	394	317	856	1123	297	460	333	1017	531	792	1247	1218	122	511	343	1081	1284
106	10	601	11	1003	1202	459	1326	1391	659	705	275
107	5	55	929	1168	1224	1021
107	7	56	92	930	1169	1319	1587	15
108	13	561	31	874	878	837	744	424	1174	447	673	914	1397	1431
108	15	562	621	875	879	1008	374	32	1299	448	425	520	1173	1332	1535	745
109	4	630	1019	790	911
109	3	631	1122	1109
110	13	633	688	801	834	865	911	1147	1019	1106	1088	200	1489	971
110	5	90	149	153	199	383
111	11	638	975	662	990	1245	1341	1355	1148	571	464	1200
111	3	148	310	92
112	25	642	750	764	917	692	18	746	177	483	1265	351	593	1220	334	564	1344	1458	658	1372	748	1443	241	1561	1238	699
112	6	643	751	49	895	1102	1244
113	1	651
113	6	652	931	431	39	680	592
114	10	317	530	595	25	292	460	403	610	1207	91
114	7	10	672	703	26	898	172	486
115	13	655	89	597	1254	1321	473	1073	465	1411	1459	223	1552	1572
115	6	656	1138	1232	1322	1328	1368
116	2	310	1183
116	2	662	1184
117	2	666	1340
117	4	441	1119	340	1071
118	2	296	674
118	2	674	296
119	4	305	1083	606	995
119	2	682	1401
120	4	683	1314	1361	1472
120	19	409	404	1035	684	453	785	384	233	1367	1464	615	1134	869	342	596	75	885	215	1090
121	5	694	215	1280	578	1449
121	2	695	90
122	5	711	908	1070	1542	1184
122	7	89	909	1073	1289	1371	1202	1515
123	9	13	1115	1218	370	276	738	854	243	980
123	6	472	137	626	1060	718	1480
124	8	730	602	395	747	980	629	1195	91
124	4	731	936	1145	455
125	2	540	86
125	1	546
126	5	310	853	342	55	1583
126	6	602	854	1103	1399	48	1253
127	4	775	382	776	794
127	5	776	1131	794	775	382
128	22	246	424	1121	1098	1030	644	288	1032	487	680	816	1298	230	293	1042	724	821	679	1	352	1144	77
128	17	796	1050	224	1147	942	1185	348	208	989	1356	1046	147	1427	790	1573	1578	1560
129	3	663	421	612
129	2	841	1158
130	6	842	1085	1117	1378	647	1344
130	1	415
131	9	871	392	117	1124	1393	109	1365	1522	1559
131	2	872	667
132	6	617	1104	662	348	224	6
132	1	880
133	3	305	281	697
133	3	697	305	281
134	1	889
134	1	890
135	3	855	1331	1402
135	3	54	49	950
136	4	915	683	1304	1472
136	2	17	683
137	3	751	49	853
137	3	49	853	751
138	8	15	248	1137	6	148	1582	204	1287
138	2	950	49
139	1	952
139	1	953
140	12	990	975	1148	255	449	1167	638	662	1355	1245	1571	1516
140	4	148	310	92	90
141	1	994
141	4	995	1112	1338	504
142	2	1001	162
142	1	24
143	5	119	802	793	242	894
143	5	242	894	119	793	802
144	4	612	317	76	920
144	1	1048
145	2	571	618
145	2	570	617
146	2	1077	1498
146	2	1078	1359
147	2	700	437
147	3	310	92	47
148	2	294	530
148	3	971	1536	1106
149	3	1142	736	727
149	2	1143	444
150	4	1148	1200	464	1341
150	1	92
151	1	1154
151	5	92	15	298	178	396
152	4	119	39	1160	131
152	4	131	1160	39	119
153	2	91	960
153	2	486	752
154	3	1176	1021	929
154	3	1064	92	310
155	4	1266	773	1212	697
155	2	1267	412
156	1	161
156	1	668
157	2	566	309
157	1	161
158	1	161
158	2	668	566
159	3	1160	809	1061
159	3	39	1061	809
160	1	795
160	1	405
161	6	10	996	477	1462	419	1155
161	6	11	1370	1441	705	1574	909
162	8	324	246	113	675	1297	114	713	35
162	5	212	245	250	506	271
163	2	1358	1363
163	2	1359	1364
164	2	1320	1490
164	2	530	1218
165	2	660	1494
165	1	58
166	3	597	275	1577
166	3	1439	705	1275
167	2	232	780
167	1	558
168	2	394	317
168	1	10
169	1	930
169	1	224
170	1	597
170	1	6
171	3	1471	1590	1073
171	3	224	1591	1147
172	1	1244
172	1	640
173	2	453	955
173	2	652	1547
174	1	598
174	1	1308
175	2	667	872
175	2	170	1447
176	1	332
176	1	1189
177	1	666
177	1	1566
178	1	1096
178	1	794
179	1	1585
179	1	1550
