5410
0	1	0
2	3	1
4	5	1
6	7	1
8	9	1
10	11	0
12	13	2
14	15	1
16	17	0
18	19	1
20	21	1
22	23	1
24	25	1
26	27	0
28	29	1
30	31	1
32	33	1
34	10	1
35	36	0
37	38	1
39	40	1
41	42	1
43	44	0
45	46	1
47	48	1
49	50	0
51	52	1
53	54	1
55	56	0
57	58	3
59	60	1
61	62	0
63	64	0
24	65	1
66	67	1
42	68	4
69	70	1
71	72	1
73	74	0
75	76	0
77	78	4
79	80	2
81	82	2
83	84	1
85	86	0
87	88	0
89	90	1
91	92	2
93	94	1
95	96	0
97	98	1
99	100	1
101	102	1
103	104	1
105	106	1
107	71	5
108	101	1
109	110	0
111	112	1
113	114	1
115	116	1
117	118	1
119	120	2
121	122	0
123	124	2
125	126	1
13	127	1
128	129	4
130	131	1
132	133	1
134	135	0
136	95	1
137	138	1
139	52	1
140	141	0
142	143	0
144	145	0
146	147	1
148	149	1
150	151	1
152	153	4
154	155	4
156	157	1
137	158	5
159	160	1
161	162	1
163	164	0
165	166	1
167	168	1
169	170	1
171	142	0
172	173	1
174	175	1
176	177	1
178	179	3
180	181	1
182	183	1
184	185	0
186	32	1
122	187	1
188	189	0
34	53	1
190	191	1
192	193	1
194	195	0
196	197	1
198	199	0
200	201	1
202	203	1
204	205	0
206	207	1
208	209	0
210	211	1
212	213	1
214	215	1
216	217	1
77	218	4
219	220	1
221	222	1
223	224	1
225	226	1
227	228	1
229	230	0
231	232	1
233	234	1
235	236	1
237	238	1
239	240	0
241	242	0
243	244	1
245	246	2
247	18	1
248	249	3
131	20	1
250	219	1
251	252	1
253	254	1
255	256	1
257	128	4
258	245	0
259	260	0
261	262	1
263	264	4
265	266	1
267	268	0
269	270	0
271	272	1
273	274	1
275	276	1
277	278	0
279	280	1
281	282	4
283	284	1
285	58	0
286	287	1
288	289	1
290	291	1
20	131	1
28	292	0
293	294	1
295	296	5
297	298	0
299	300	2
301	302	0
276	303	1
304	305	1
306	94	1
307	308	1
309	310	3
311	312	0
313	314	1
315	316	1
317	318	4
319	320	0
321	322	4
323	324	5
325	326	1
327	328	0
326	325	1
329	330	1
331	126	1
332	333	0
334	12	1
18	335	0
336	337	1
338	339	0
340	341	0
342	343	1
344	345	0
346	347	1
348	349	1
350	351	0
352	353	1
224	354	1
355	205	0
356	357	1
358	359	1
360	361	0
235	362	0
314	363	0
364	365	0
366	367	0
368	369	1
370	283	1
371	372	1
373	148	1
374	375	0
376	377	1
378	379	0
380	381	5
382	383	0
384	385	1
386	387	0
388	389	1
390	391	1
392	393	2
394	395	4
396	397	0
398	327	1
37	399	0
106	400	5
399	401	0
402	403	0
404	405	0
149	148	1
406	407	1
408	409	1
410	411	1
412	413	0
414	415	1
416	417	1
418	419	1
420	421	0
422	423	1
424	425	1
426	427	1
428	429	0
430	94	1
431	432	1
433	434	0
435	436	1
437	438	2
439	440	1
441	442	0
443	444	2
445	446	1
447	448	0
449	450	0
451	380	0
151	452	1
453	192	1
454	455	1
456	457	0
458	79	0
409	459	1
460	14	0
461	140	1
462	463	0
464	465	0
466	11	0
453	9	1
467	468	1
469	470	1
298	471	0
472	473	0
474	239	4
475	476	5
328	477	2
478	479	1
175	480	0
481	482	1
483	484	4
485	486	1
487	488	1
489	490	0
491	492	1
493	494	0
126	495	1
336	496	0
497	498	0
495	126	1
499	500	4
423	501	1
502	503	1
504	60	1
505	506	4
507	508	1
509	510	1
511	213	1
42	512	1
513	514	2
79	135	2
336	515	1
516	323	1
349	517	1
518	275	5
519	520	1
521	401	1
522	523	1
524	525	1
526	126	1
527	528	1
529	530	0
531	532	0
39	533	0
534	535	0
344	536	1
79	143	5
537	538	1
313	509	1
203	539	1
540	14	1
541	471	1
542	383	0
238	332	1
543	544	1
545	408	1
546	547	4
548	549	1
550	371	1
551	535	0
552	110	0
553	326	1
554	555	4
556	557	1
558	559	2
560	561	1
50	562	1
488	563	1
564	565	0
566	567	0
568	569	1
431	545	0
36	570	0
571	572	4
573	574	1
575	190	1
576	577	1
387	106	1
349	348	1
578	579	1
580	581	0
536	582	1
583	584	5
585	586	1
587	588	4
589	590	4
591	570	0
592	593	1
594	595	1
596	35	0
597	12	0
598	285	1
321	599	4
600	429	0
221	601	1
602	603	1
604	605	5
606	51	5
176	533	0
60	607	0
474	608	1
609	610	1
429	250	1
611	612	0
1	613	1
157	614	5
615	616	1
617	297	1
417	618	1
619	18	0
620	383	0
621	368	0
622	623	0
376	624	1
625	626	1
627	266	0
628	477	1
429	220	1
629	630	1
631	632	1
633	485	1
634	635	2
636	637	1
638	64	0
31	639	1
640	62	0
275	213	1
641	642	0
643	595	1
4	644	0
255	645	1
646	383	0
647	648	0
649	230	1
645	222	0
319	106	1
650	651	1
530	62	0
652	653	1
32	186	1
390	654	1
655	656	4
541	657	0
658	659	1
660	661	0
224	662	1
663	664	1
665	295	1
435	666	0
667	668	1
127	117	1
669	670	1
671	672	0
673	674	1
675	676	1
677	535	1
376	678	1
679	680	0
681	682	0
5	4	1
683	684	1
685	62	0
686	687	1
688	689	5
690	691	0
692	693	0
694	465	0
695	696	1
697	698	1
699	700	1
701	274	1
702	703	1
704	705	0
21	20	1
377	376	1
187	174	1
706	707	1
708	709	5
390	9	1
710	711	0
523	712	1
327	73	1
332	238	1
83	713	1
714	715	0
716	490	0
717	718	5
81	719	2
363	720	2
29	721	1
722	723	0
724	725	1
726	62	0
727	728	1
729	467	1
730	382	0
219	250	1
731	732	5
733	734	0
735	269	1
736	376	1
358	327	1
546	737	4
738	29	1
190	739	1
740	540	1
741	742	2
738	743	1
557	744	0
745	591	0
746	747	0
748	749	0
750	751	1
752	415	1
753	754	0
755	756	1
757	758	0
759	760	0
439	761	1
762	763	1
764	765	1
766	767	4
768	769	1
126	331	1
770	92	2
771	97	1
772	260	0
773	345	0
477	774	1
775	603	3
776	777	1
778	779	1
52	780	1
781	782	1
783	784	1
119	785	2
786	470	1
787	598	1
685	453	1
788	625	0
789	790	1
602	230	0
791	792	4
793	794	0
795	297	0
796	570	0
668	797	1
798	799	1
800	801	0
479	802	2
803	804	4
805	631	0
806	315	1
807	808	5
266	809	2
810	5	5
811	812	1
813	814	0
815	669	1
816	817	0
732	202	1
198	818	4
819	820	1
821	822	3
823	471	1
824	825	1
167	21	1
826	827	0
828	829	1
830	206	1
831	832	0
833	834	0
160	835	1
836	837	1
838	357	1
175	174	1
189	839	0
840	841	4
842	843	2
844	842	0
845	8	1
805	846	1
847	848	1
849	850	1
851	852	2
345	672	1
691	853	1
763	762	1
854	619	0
855	856	0
857	858	0
859	860	1
439	861	1
403	862	1
863	864	1
865	866	1
563	867	2
868	282	0
835	160	1
869	870	1
871	872	1
873	874	1
875	876	1
877	878	1
219	879	0
176	366	1
880	881	0
467	882	1
499	883	4
12	824	0
439	884	2
15	885	5
192	886	1
391	887	0
888	889	4
585	672	1
890	753	0
891	892	2
356	805	1
893	894	1
895	896	1
398	897	1
898	899	0
900	901	0
902	31	1
903	219	1
111	904	1
905	906	1
907	908	0
909	853	1
122	910	1
911	912	1
448	341	0
284	230	1
913	914	1
298	915	1
916	680	0
123	917	2
790	789	1
887	126	1
769	918	1
919	920	1
121	921	1
637	922	1
923	924	0
127	925	1
926	927	1
928	929	0
930	810	1
931	932	1
828	933	1
934	935	1
936	751	1
937	938	1
939	940	1
941	863	1
942	943	0
619	944	1
945	946	4
274	273	1
525	524	1
97	947	1
948	949	1
321	950	4
79	29	2
29	738	1
135	323	2
217	951	1
539	203	1
952	953	1
381	954	1
955	649	1
956	477	1
586	957	3
741	958	1
959	960	1
961	962	1
963	601	1
223	964	1
52	965	1
605	604	5
966	967	1
968	969	0
970	747	1
971	25	1
972	973	4
379	974	1
975	777	1
976	977	1
978	979	1
980	981	1
982	983	0
832	230	0
984	985	5
986	111	0
987	371	5
797	668	1
176	367	1
988	989	1
990	84	1
561	225	1
49	991	1
992	248	4
993	994	1
213	275	1
995	996	0
997	998	2
999	1000	4
836	907	1
223	1001	2
710	1002	4
1003	1004	1
1005	121	1
1006	445	2
1007	569	0
668	1008	1
80	1009	1
774	477	1
137	1010	1
1011	514	1
1012	903	1
874	664	1
1013	1014	1
123	1015	2
866	1016	1
603	1017	6
106	1018	0
1019	497	4
1020	402	3
1021	1022	0
1023	1024	1
1025	1026	0
1027	1028	0
1029	1030	1
1031	1032	1
1033	1034	1
1035	1036	0
189	1037	1
1038	382	0
735	362	0
425	424	1
1039	309	1
1040	541	1
1041	10	0
1042	1043	3
1044	1045	1
1046	650	1
1047	1048	0
1049	1050	1
1051	1052	0
1053	1054	1
33	1055	1
842	1056	1
1057	1058	1
1059	433	0
123	1060	2
1061	564	1
1062	1063	4
1064	1065	1
614	156	1
390	1066	1
1067	849	1
1068	939	0
997	1069	1
230	1070	1
842	1071	1
494	1072	1
1073	1074	0
242	493	1
1075	831	1
278	341	0
1076	1077	4
1078	632	1
1079	1003	1
1080	305	1
421	178	0
1081	789	0
288	1082	1
524	111	1
1083	776	0
53	576	1
408	143	0
514	1011	1
244	1084	1
1085	1086	0
1087	1088	7
1089	1090	1
1070	536	1
1091	530	0
671	1092	1
1093	190	1
1094	230	0
1095	1096	1
40	176	1
891	1097	2
177	176	1
97	173	1
879	79	1
1098	552	1
1099	1100	1
233	1101	5
1102	1103	1
1104	1105	1
321	1106	4
1107	1108	1
1109	1110	0
1111	1112	1
1113	371	0
1114	3	1
1115	1116	1
1057	625	0
749	1117	0
1118	1119	0
912	1120	1
808	858	1
347	1121	1
853	691	1
1122	222	0
1016	866	1
227	33	1
598	1123	1
1124	800	0
790	1125	0
1126	1127	0
309	8	5
311	20	1
1128	1129	1
1130	1131	5
219	903	1
1132	1115	0
1133	875	0
1134	989	1
1135	122	1
1136	1137	1
851	1138	2
1139	1140	1
793	1043	3
1141	1142	1
1143	1144	4
1145	1146	1
897	1147	4
1148	257	4
1149	1150	0
1151	740	1
1152	222	0
1062	110	0
617	1153	0
1089	1154	0
1155	84	1
1156	57	0
1157	1158	1
1159	1160	1
359	740	1
1161	1162	1
1163	1061	0
1164	710	1
791	1165	4
1166	1167	1
86	1168	5
465	746	0
1169	64	0
1170	603	3
1171	1048	0
618	541	1
83	1172	0
1173	805	0
405	1174	0
1175	1176	1
1177	1178	1
313	619	1
1179	1180	1
327	1120	1
1181	1182	1
113	700	0
1183	1184	1
1185	1186	0
300	1187	1
1188	230	0
1189	1190	1
1191	1192	1
991	1193	0
1194	1195	0
1196	1197	1
729	1198	0
50	256	1
49	971	5
662	224	1
642	935	1
1199	1200	0
1201	756	1
1202	1203	5
1204	1205	0
160	1206	1
1207	349	1
1208	1209	1
842	672	0
1210	1211	0
1212	910	1
211	1213	1
1214	1215	1
1216	740	0
1000	1217	0
1218	1219	0
483	76	4
35	542	4
703	702	1
95	1220	1
1202	202	1
1172	1221	0
1222	1223	1
859	255	1
430	1224	0
790	1225	1
1226	1227	1
354	224	1
1228	530	0
427	9	1
1229	1123	1
1230	1231	1
1232	1233	0
1029	1234	1
1125	789	1
797	1235	0
380	1236	1
1237	1238	1
317	1143	4
1239	1200	0
1240	1241	1
499	1242	0
1243	1244	1
1002	588	0
750	609	1
783	1245	1
1246	223	1
1223	1184	1
188	777	1
655	1247	4
1197	644	0
1248	1249	1
1208	1250	0
669	815	1
78	1251	0
1252	142	0
891	443	2
106	1253	1
1254	1255	1
1256	740	0
746	1257	1
1258	834	0
357	396	1
1259	805	1
1163	1260	1
1261	502	7
639	31	1
1262	1263	0
274	701	1
948	1264	1
1265	51	1
379	1266	1
276	275	1
1267	1233	0
1268	232	4
1269	1270	1
71	1271	1
396	1272	1
1273	1274	1
1275	33	1
707	706	1
1276	1277	1
840	1278	4
747	341	0
29	1279	2
29	1280	1
1281	1282	1
1146	1283	0
725	1284	0
1122	1285	1
68	1126	4
1286	1287	1
1288	110	0
616	1289	1
715	672	0
336	1284	1
1290	95	1
757	959	1
788	139	1
1291	1292	0
958	644	0
1293	1294	0
1255	1254	1
549	1131	0
52	139	1
979	978	1
1295	376	1
331	960	1
426	1296	0
154	1297	4
1	760	1
1298	1299	1
947	97	1
1300	1301	1
1206	160	1
1302	79	0
25	1303	0
180	1304	1
1305	340	0
932	931	1
964	1306	1
1307	1263	0
1245	783	1
474	710	4
1108	1308	1
1309	1310	1
427	328	0
241	1311	5
963	875	1
688	836	1
1312	20	1
106	1313	1
1314	1315	1
1316	97	1
1317	1318	1
13	1319	0
1320	1321	0
1322	281	4
1323	1324	0
1325	1326	1
1327	1328	1
569	1329	1
1330	603	3
1331	831	1
1332	109	0
1333	1334	0
1287	660	0
1143	1335	0
1336	1337	0
760	1	1
459	1338	2
186	584	0
1339	1340	1
150	49	5
1341	1342	1
1343	1344	1
1345	1346	0
1347	1348	0
1349	700	0
1350	527	1
778	1351	1
1352	589	0
1353	1354	0
157	156	1
1179	1323	4
1154	1355	1
89	1356	1
424	732	1
1357	490	1
1358	1359	0
1360	1358	0
395	1361	0
576	1362	1
14	1363	1
1364	1121	1
1365	208	1
1197	471	1
1366	890	1
150	1367	1
244	1368	1
1369	751	3
388	1370	1
237	696	1
215	1371	0
1012	429	0
479	1232	1
418	1372	0
920	1096	0
858	1373	1
690	1374	1
666	650	1
1374	1375	1
300	1376	2
439	1377	2
580	925	1
1378	1379	0
1380	794	0
1381	479	0
669	1382	1
1383	1384	1
866	1385	0
1386	1120	1
473	328	0
561	1387	1
1388	393	1
187	122	1
1389	62	0
628	1390	1
411	1190	0
641	1391	1
558	559	0
1119	1392	5
242	1393	1
556	1394	1
1395	1396	4
788	606	1
49	1397	1
1108	1398	1
238	388	1
1399	1400	1
545	1401	1
1246	801	0
1402	1403	1
732	424	1
840	1404	4
1405	865	1
657	1406	1
653	584	5
42	41	1
1407	1408	1
416	823	1
1409	339	0
1410	251	1
1411	1166	1
1368	641	1
1278	1412	4
1413	1414	4
981	35	1
1415	1311	1
97	1416	1
1417	651	1
1074	1418	1
754	377	0
1419	1365	1
569	71	2
909	603	3
1278	1335	0
73	327	1
1420	909	0
650	1421	1
1422	1423	5
659	1424	1
272	875	0
806	1425	0
289	898	1
42	1426	4
1427	1428	1
1041	180	1
907	836	1
430	1429	1
692	1330	0
1430	849	1
1431	1432	1
271	1433	1
989	45	1
1337	1423	1
297	1434	1
1408	1132	1
1056	62	0
1435	1436	1
1437	1438	1
791	973	4
1439	752	1
1440	1048	1
161	1441	0
1442	141	0
991	559	1
1443	1444	1
1445	1446	1
1447	1448	1
1449	1450	1
1451	230	1
1452	765	0
213	511	1
1453	1285	1
1454	12	0
1455	1456	0
1457	875	0
195	685	1
1458	1459	0
1460	672	0
160	159	1
172	230	0
152	290	1
1119	523	0
828	258	1
165	1461	1
1297	1217	0
1355	268	1
1462	719	1
1463	1186	0
81	1464	2
805	1259	1
876	601	1
1202	1059	1
357	838	1
1465	1196	1
33	202	1
628	1112	1
505	1466	4
992	1467	4
1468	1235	0
1469	1470	0
323	1471	1
1171	1472	5
336	115	1
775	1339	1
1473	619	1
1474	830	1
1475	126	1
1476	1477	0
442	1478	1
658	1479	4
1480	899	1
1481	1142	0
1019	486	4
1482	1483	4
945	1484	1
1485	1486	0
55	148	1
1165	681	4
1487	1488	0
1489	1389	1
1374	1228	1
1036	1490	1
1491	834	0
1492	1493	1
848	1395	1
1494	151	1
483	1495	4
925	127	1
162	1322	3
713	1043	3
1496	1021	1
1141	79	0
317	1497	4
955	284	1
1498	918	1
1092	603	3
1306	964	1
79	458	2
618	1406	0
664	663	1
823	416	1
501	423	1
162	281	1
637	1499	1
849	1500	1
1501	62	0
1502	1503	1
304	1504	0
148	508	0
31	1170	1
1505	1506	1
786	1507	0
1508	375	0
1509	1510	1
512	1511	1
721	1512	0
1513	1514	1
834	1515	0
1516	1086	0
1517	154	1
1255	1518	4
651	62	0
1489	1519	0
1520	700	0
811	1521	4
265	1522	1
1044	648	1
1523	150	1
1524	1525	1
1526	438	2
904	111	1
1527	827	1
1528	190	1
1066	983	0
1148	1529	4
1530	1531	1
893	1532	1
1446	1445	1
394	1533	0
1534	1435	0
1535	1533	0
1536	1399	1
384	1537	0
751	1538	1
1539	1540	3
1541	1181	3
909	1349	1
1023	1163	0
1542	383	0
174	1543	1
1544	561	0
1277	1276	1
1545	1546	3
1547	1548	1
598	143	0
1549	143	0
960	526	1
1550	1054	0
328	9	1
1551	1552	1
486	485	1
251	1553	1
268	1554	0
598	35	1
479	478	1
68	77	4
1555	8	1
2	1556	0
1557	1558	1
1559	1456	0
1165	1560	4
600	864	1
1561	912	1
1256	288	1
1562	1086	0
942	1175	1
1563	1564	0
5	202	1
947	157	1
655	1292	4
926	1565	5
126	1566	1
1567	569	1
492	1406	0
618	1568	1
150	1299	1
1569	1570	5
650	1046	1
1434	297	1
54	1362	1
93	1556	1
1070	45	0
519	734	0
535	1018	0
565	1174	0
1054	1571	1
1399	1536	1
168	1199	0
110	746	0
138	158	1
1572	112	1
251	932	0
407	1573	0
1574	62	0
71	569	0
45	989	1
1575	565	0
1576	1142	0
1577	62	0
844	1578	1
1578	1579	1
775	1580	1
53	1581	0
1028	1535	1
1582	1583	0
688	908	0
29	458	0
121	611	1
837	836	1
1327	1042	3
1569	593	0
641	1368	1
300	1584	1
557	556	1
314	313	1
621	422	1
700	691	1
649	955	1
1585	1586	1
834	1378	4
1587	802	0
29	1588	1
1589	1317	1
472	1590	1
1591	1592	0
813	1473	1
346	879	0
1593	22	1
569	143	0
1594	1481	1
1212	216	1
126	959	1
1363	14	1
557	1595	1
1596	1597	0
1036	1598	0
971	49	5
547	1599	4
284	1600	0
1601	1602	0
1603	1317	1
500	570	0
248	1604	4
1492	781	0
1605	1606	4
1246	854	1
992	1607	4
595	643	1
1608	1609	1
1062	1610	4
1611	1612	1
1131	14	1
855	1613	1
1614	6	1
1615	834	0
1151	672	0
1616	443	1
1433	329	0
1617	515	1
1618	1619	0
488	487	1
416	471	0
1620	1621	2
82	1464	2
401	64	0
1622	1623	1
42	1624	4
1625	205	1
252	251	1
1626	333	1
416	1627	1
80	543	5
1127	1628	4
651	1417	1
394	141	1
1629	1630	1
268	1018	1
327	14	1
1631	1501	1
975	1632	1
1215	1633	1
1131	1130	5
1634	1635	0
1505	1636	1
1637	1638	1
1639	780	0
506	1263	0
1640	33	5
1018	479	0
1600	1596	0
1641	458	1
1642	1643	1
69	608	1
221	963	5
1644	402	1
337	336	1
1645	1646	0
1647	418	0
1179	1532	0
1648	1646	0
903	429	1
614	157	5
801	245	1
576	171	0
409	408	1
496	604	1
1649	1458	1
585	1199	0
1650	1005	1
847	1491	4
94	143	0
1034	260	0
1651	1652	0
234	116	2
1570	1653	1
1579	859	0
1317	1059	1
363	287	1
254	253	1
158	1654	1
1050	1049	1
778	259	1
442	271	0
1655	616	1
1656	1657	0
1035	169	1
50	10	1
816	394	1
936	1658	0
1659	480	1
1519	1660	1
1365	452	0
390	1159	1
1661	1311	1
1617	108	0
1525	1212	1
31	1662	1
576	1663	1
1548	1664	1
1665	230	0
1532	893	1
1666	1086	0
1428	150	1
1255	1667	4
1668	156	1
954	381	1
873	1199	0
565	411	1
1121	347	1
1433	1447	1
1669	1670	3
997	66	2
445	1006	2
1471	1600	0
474	766	4
54	1671	0
1244	1672	0
619	772	1
268	1673	1
150	1674	1
6	1645	1
1284	1675	1
388	1120	1
1014	1676	0
102	576	1
1010	158	1
1561	313	0
10	327	1
569	1549	5
932	44	1
543	1677	1
1550	1678	1
255	96	0
1060	490	1
474	1679	4
439	1680	1
390	427	5
578	1227	0
1061	410	1
207	1681	1
1682	219	0
811	1683	0
658	1288	4
1684	435	1
1685	133	1
569	100	5
1686	1687	2
1688	1060	0
1338	1689	1
230	649	1
121	1005	1
1255	1690	4
1499	637	1
1691	371	1
1692	1693	1
1694	1695	0
1256	1103	1
1696	938	1
1697	1110	0
1639	529	1
442	1439	1
1674	747	0
1698	45	0
126	1699	1
869	1700	1
1701	1290	1
1609	1608	1
1630	758	1
1293	1035	1
1702	1703	1
1438	1146	1
1704	1134	0
1705	62	0
958	741	1
1706	1707	1
1708	1489	1
1301	1300	1
1709	1339	1
1710	1711	0
986	923	1
1712	1713	0
1714	849	1
1343	1154	1
1715	1341	1
1716	1717	1
866	865	1
789	1125	1
1718	1719	1
1720	805	1
1584	300	1
1702	141	5
141	816	5
746	349	1
973	1268	4
449	379	1
375	969	0
664	1721	1
1078	631	5
546	646	4
624	1538	1
380	1722	1
838	1723	0
84	83	1
1724	603	3
1112	1725	0
1726	1727	0
1728	744	0
1729	328	0
1730	1646	0
1731	1732	0
1733	1003	1
1734	269	1
1735	200	1
644	416	1
1736	1737	1
667	1738	1
927	1215	1
95	136	1
772	1033	1
1739	941	1
1436	1435	1
17	345	0
440	1740	0
1510	1509	1
1201	196	1
1741	1094	1
1158	1157	1
1742	1743	0
1744	719	2
1745	1251	0
859	1317	1
190	1528	1
67	1048	1
1746	1747	0
827	452	0
363	286	5
1748	1186	0
757	1699	1
1071	842	1
300	1514	2
357	805	5
912	911	1
238	1711	0
1749	580	1
746	1750	7
211	1751	1
94	306	1
979	276	0
373	1437	1
1752	1176	1
477	628	1
583	1753	1
1754	31	1
31	1754	1
1496	1175	1
584	583	5
1755	230	0
836	1756	1
984	1757	1
913	1758	1
1759	1760	0
230	284	1
1761	643	1
1264	948	1
951	111	1
1045	1762	0
419	1763	1
939	983	0
1764	388	1
1724	1348	0
918	1498	1
456	683	1
1765	384	1
1766	1519	1
692	603	3
1148	1767	4
794	222	0
1016	1768	1
770	1769	1
303	672	0
1270	1269	1
225	1770	1
1154	1771	1
1024	379	1
532	983	0
184	1245	1
1772	383	0
780	1631	0
1773	979	1
628	326	0
1774	1066	1
13	118	1
1775	1623	1
606	1631	0
825	824	1
1632	975	1
1776	1777	0
1103	1102	1
1778	1611	1
1626	1296	0
492	491	1
1423	1422	5
1779	1780	1
143	79	5
1781	1698	0
1074	1782	0
1783	329	1
1120	1711	0
1401	545	1
269	303	1
1784	859	0
439	40	1
1057	1429	1
953	758	1
1785	1786	0
157	283	0
1543	1597	0
1787	938	1
1788	1789	4
1366	1790	1
1791	631	0
1792	1793	0
470	469	1
1165	317	4
849	1067	1
398	891	2
829	828	1
1794	1795	1
853	909	1
1796	1797	4
1068	1298	1
417	416	1
616	1798	1
1160	1156	1
1799	1800	0
1801	489	1
174	1135	1
1802	519	1
1765	1803	1
1184	1223	1
911	1804	0
1394	556	1
1805	478	0
1290	1598	0
673	1060	1
1483	35	0
126	757	0
1400	1399	1
527	113	1
774	782	0
973	901	0
1568	1100	0
1552	1551	1
966	1375	1
1806	943	1
1807	760	1
632	631	1
23	933	1
1808	110	0
1809	1807	0
187	121	1
1586	233	0
450	1810	1
1033	772	1
1776	1811	1
1013	143	0
191	1812	1
1648	1510	1
642	388	0
1178	164	0
1341	1099	1
1813	1692	2
561	575	0
206	830	1
1814	918	1
363	1309	0
777	1083	1
1683	1062	0
1815	811	0
106	1816	1
101	108	1
357	230	0
1249	1544	1
262	1817	1
1257	746	1
1818	62	0
850	849	1
1243	12	0
896	1112	1
672	1819	1
751	1820	4
899	1480	1
1403	1048	1
1774	1653	1
1115	1348	0
138	137	1
1821	1822	1
1823	1824	1
1825	1717	1
1223	1222	1
288	1653	1
962	1826	1
566	1827	1
777	1128	1
588	1515	0
80	23	1
1828	875	1
922	637	1
991	558	1
543	80	5
1829	910	0
899	1653	1
1830	1669	1
258	23	1
1084	244	1
719	1831	1
267	106	1
887	1832	0
527	1833	1
606	209	1
371	550	1
1246	1306	1
640	1366	1
1261	148	0
994	993	1
1687	1834	2
1284	336	1
1835	1239	0
1157	378	1
479	601	1
150	1836	1
177	1837	0
1838	122	1
1839	654	1
480	1659	1
1840	920	1
1841	1188	1
760	1	3
840	1560	4
1519	1842	0
702	831	0
1843	1334	0
1467	1358	0
1602	834	0
1844	1003	1
1845	1249	1
391	8	1
1271	1846	0
1834	1847	2
1848	1439	0
943	751	1
349	1849	0
1850	1851	0
933	1009	1
11	62	0
210	1523	1
1593	1852	1
641	1647	1
689	836	1
1066	1774	1
1853	1235	0
546	1772	4
483	1255	4
1854	1855	0
1856	563	2
1055	33	1
1503	527	1
1857	1104	1
1858	535	1
827	1527	1
795	823	1
395	1218	1
1407	1859	1
1548	1547	1
1860	768	1
1861	1209	0
1862	1863	1
288	1256	1
84	1406	0
1864	6	1
1865	1866	5
1867	1868	0
949	163	0
1740	24	1
1699	1869	0
1870	425	1
272	271	1
1871	1872	0
687	1873	1
353	352	1
467	1874	1
546	1542	4
1875	1322	1
274	350	1
297	823	1
1876	339	0
984	104	2
571	1877	4
1608	1878	1
1879	1880	1
376	1295	1
1218	395	1
954	983	0
584	652	1
1328	1881	0
113	1882	1
170	1883	0
1177	1397	1
1674	49	1
137	805	0
1884	1771	1
989	1134	1
521	673	1
1160	1052	0
1630	1629	1
569	1007	2
474	1885	4
232	1886	4
1451	283	1
1540	1539	1
935	642	1
1887	1888	0
236	235	1
1889	519	0
1066	390	1
1890	1221	0
630	815	0
1529	1891	4
952	385	1
835	1892	0
391	390	1
1218	1893	1
1894	1133	1
1859	1613	5
1343	1895	0
79	1896	2
827	1897	1
1150	1898	1
491	1899	0
1237	1900	1
1901	801	0
1780	740	0
1902	196	1
1665	1449	1
1274	1903	0
360	1904	1
1119	1905	1
1906	1907	1
1908	1909	4
892	891	2
489	1801	1
1910	1003	1
1911	973	0
379	1259	1
941	1739	1
1018	440	1
1505	1912	1
769	1913	1
1914	4	0
1915	375	0
1916	673	0
1917	199	0
388	56	1
525	1838	1
1420	603	3
1844	1562	0
1406	657	1
1918	150	0
1919	1920	1
398	427	1
1921	1312	1
1014	1013	1
1749	127	1
114	603	3
909	1724	0
849	1430	1
1922	1235	0
1923	387	0
1553	1924	0
408	1925	1
1926	1927	1
337	605	1
1928	585	1
766	680	0
1929	1930	1
1595	1394	1
20	1150	0
42	1931	4
1932	388	1
547	1615	4
684	683	1
1933	1934	0
1538	751	1
29	28	1
1263	570	0
1552	1642	0
230	344	1
1120	1386	1
388	1065	1
846	805	1
1935	1936	1
225	561	1
1937	1231	1
1319	1938	1
551	1939	1
1940	376	1
54	1256	1
564	1061	1
1941	1942	1
1943	1944	1
1362	983	0
1878	1608	1
1945	564	1
1005	1650	1
1481	1594	1
12	1946	2
1947	1277	1
791	999	4
765	1086	0
1442	1118	1
695	1538	0
43	33	1
1948	1251	0
976	312	1
1949	543	1
1950	1695	0
1339	1580	5
840	1951	4
1952	150	1
768	611	1
1953	1309	0
1954	1116	1
475	1955	2
1927	1431	1
1248	1956	1
21	312	0
1514	300	2
135	1957	1
923	986	1
1958	1217	0
1959	1960	4
1961	1631	0
585	1962	1
1952	1963	1
6	336	1
510	509	1
1565	773	1
151	1963	1
1964	1965	1
1966	1936	1
63	174	1
860	859	1
1090	1967	1
416	1968	1
1416	97	1
828	22	1
667	1969	1
217	910	1
51	788	1
9	638	0
64	912	1
704	1252	1
1215	927	1
173	1316	0
1244	1970	1
1116	1971	0
1550	1859	5
211	64	0
823	795	1
1972	357	0
791	68	4
408	1401	5
999	1973	4
141	1137	1
148	1710	1
784	249	3
1140	1139	1
1835	141	1
1974	454	1
388	910	1
1975	1675	1
353	1976	0
1977	642	1
168	167	1
1674	971	1
1664	1547	0
1978	1979	0
1176	1175	1
1980	1981	4
568	1567	0
543	1982	1
1449	1983	1
664	874	1
1984	1436	1
1985	1986	0
1987	1091	1
1988	593	0
1397	1213	1
977	312	0
1397	1178	0
1480	1650	1
1989	1990	0
127	1749	1
1682	903	1
990	1991	1
687	1992	1
934	831	0
1138	1993	1
187	1994	1
591	822	3
1967	584	1
1118	1995	1
1996	150	1
513	1960	1
1223	429	1
949	948	1
1380	207	1
1997	1998	0
1999	749	1
2000	2001	1
2002	927	1
2003	79	0
2004	650	1
2005	2006	1
2007	2008	1
1259	379	1
1703	816	1
913	483	1
529	1639	1
1844	1203	1
1980	2009	0
1520	529	1
2010	2011	4
2012	1169	0
1830	254	0
746	1732	4
912	1561	1
246	245	0
2013	363	1
1112	2014	0
358	1131	1
2015	700	1
1925	1792	0
187	525	1
244	122	0
1165	2016	4
403	1919	1
1116	1132	1
544	1982	0
1739	2017	1
2018	2019	1
643	1761	1
660	1286	1
2020	598	1
1047	2021	1
1482	682	0
2022	680	0
1020	1774	1
385	1765	2
224	19	0
1163	1024	1
1523	1751	1
918	769	1
852	851	2
1647	2023	1
294	2024	1
1810	450	1
2025	576	1
563	488	1
2026	148	1
345	64	0
1488	1456	0
1926	2027	0
86	2028	1
1721	664	1
1790	2029	1
1904	2030	1
1769	2031	0
1624	2032	1
327	740	1
1121	1281	1
126	2033	1
941	2034	3
2035	2036	1
31	30	1
2037	2038	0
260	1321	0
622	34	1
562	2039	1
170	725	1
1792	1274	4
653	949	1
543	828	1
2040	1038	0
708	2041	1
2032	2042	0
321	2043	4
2044	1650	1
2045	1728	0
982	1048	1
2002	2046	0
700	909	1
2047	1576	0
1629	793	1
1500	849	1
918	1814	1
1538	624	1
1855	64	0
652	1740	0
1225	644	0
576	1256	1
1927	1926	1
878	877	1
1818	1503	1
1331	641	1
1774	1020	1
864	600	1
2048	1136	0
150	1397	1
150	211	1
619	1320	1
702	373	1
2049	1461	0
2050	1994	2
357	356	1
2051	662	1
86	2052	1
2053	585	1
2054	2055	1
2039	562	1
2056	811	0
2057	133	1
1613	1472	5
2058	2059	1
1119	712	1
1428	1427	1
2060	1761	1
1061	1190	0
2061	2062	0
760	2063	0
1101	233	5
2064	601	1
990	618	1
1223	1183	1
2065	139	0
294	918	1
2066	1239	0
2067	832	1
318	2068	0
2069	1817	0
1182	1181	1
181	2070	1
172	462	1
2071	2072	1
651	650	1
1912	1505	1
650	2004	1
2073	2074	1
569	568	1
555	834	0
2075	1115	1
616	2076	1
483	2077	4
1185	1262	4
79	1302	2
1593	828	0
2078	62	0
1117	2078	0
2079	2080	0
688	907	5
559	1397	1
113	871	1
1703	141	1
122	1838	1
2081	1753	0
2082	335	1
2083	1905	1
2084	1634	1
1003	1910	1
1510	1648	1
1530	2010	1
576	2025	1
35	598	1
778	113	0
423	422	1
1834	2085	2
1700	869	1
486	1094	1
703	2086	1
156	1668	1
1764	1064	1
899	1064	0
1277	1947	1
883	570	0
1515	1378	4
414	2087	0
1925	408	1
1982	399	0
656	1251	0
2088	1645	0
1203	2089	1
2090	778	1
1543	174	1
1043	1435	0
2091	164	0
784	61	0
1116	1954	1
252	1014	0
725	1035	1
970	230	0
757	1566	1
959	126	1
1504	2092	1
1500	1927	1
1284	1196	0
79	342	1
2093	475	1
819	1790	1
2094	2095	0
2096	479	0
1746	1830	1
1427	452	0
224	813	1
942	1176	5
803	2097	4
1511	41	1
2098	1201	2
2099	591	0
2034	219	0
2100	2101	1
290	152	1
1720	2066	0
772	2102	1
1268	834	0
2103	611	1
1399	2104	1
777	776	1
2105	2106	0
1611	1778	1
604	115	0
1465	1152	0
1156	1160	1
1012	250	1
821	375	0
486	2107	0
2108	2109	1
1525	1524	1
135	2110	1
1470	2111	0
1311	1415	1
512	42	1
1969	2112	1
2113	1720	1
1588	29	1
974	810	1
782	781	1
2114	386	0
1678	1800	0
2115	2099	4
2116	164	0
1979	2117	0
1008	494	0
1251	2118	0
2119	408	0
1576	1150	1
373	702	1
349	2120	1
640	2029	1
927	2002	1
203	271	0
305	725	1
2121	570	0
2122	1085	1
347	346	1
31	1777	0
1970	1244	1
544	543	1
42	2123	0
1526	437	2
1640	1553	1
2124	2125	0
2126	2127	0
722	920	1
2128	891	1
98	2129	0
334	1117	0
483	2130	4
1397	558	1
1770	226	0
424	2131	4
1991	1568	1
2132	1092	1
598	980	1
23	2133	1
49	150	5
34	2134	1
1296	1131	1
1232	1285	1
672	1773	2
459	672	0
1348	64	0
181	2135	1
1659	357	0
791	591	4
601	990	0
2136	63	1
1131	740	1
128	2137	0
1264	2138	1
1727	104	1
992	2139	4
828	2133	1
1507	1598	0
2140	1766	0
530	853	1
186	1563	1
474	2141	4
2059	1327	1
1387	561	1
1778	2142	0
843	1056	1
606	1265	1
1091	1987	1
2021	1047	1
749	1999	1
2143	2144	1
1545	2145	3
1833	527	1
77	2146	4
79	429	1
571	2147	4
415	2148	0
546	2149	4
947	2150	0
1836	211	0
150	991	1
598	430	1
62	56	0
2151	2152	1
224	854	1
632	798	1
960	1029	0
2153	94	0
201	1311	0
1052	9	1
1359	50	1
842	2154	1
597	2155	1
1242	465	0
113	527	1
888	730	4
2156	822	3
2102	18	0
152	457	0
222	479	1
485	633	1
2157	2158	0
938	1696	1
790	1081	1
81	1462	1
1311	1661	1
1401	408	5
2082	234	1
1248	2159	0
851	1692	2
810	2160	1
73	15	1
1255	2161	4
54	53	1
94	1424	1
2162	1983	0
1370	2163	0
1286	2164	0
9	1052	1
536	502	1
2165	1316	1
297	617	1
2166	1422	2
2038	1732	0
1487	576	1
2167	1043	3
610	751	1
829	1009	1
2168	1429	0
2169	768	1
912	44	1
2167	715	1
1289	616	1
676	675	1
2044	1575	0
79	625	1
655	1469	4
2170	26	0
1688	94	5
1003	1733	1
2171	2027	0
1197	1040	1
659	1110	1
601	479	1
506	1307	4
2172	123	1
1500	1488	0
616	615	1
2173	514	1
2174	2014	0
940	24	0
2086	703	1
971	689	5
1653	327	1
1299	1494	1
104	103	1
2096	1193	1
2175	1676	0
213	212	1
330	329	1
126	887	1
1653	1774	1
516	1600	0
1018	1154	1
1793	552	0
788	51	1
1859	1407	1
2176	2177	1
2084	1295	0
1128	2178	0
294	88	0
1668	947	1
1255	2179	4
740	549	1
1852	1009	1
918	2180	0
1437	84	0
289	1131	1
1622	983	0
490	1060	1
2181	936	1
1947	475	0
2182	1353	1
756	1564	1
71	99	1
505	1263	0
211	49	1
1310	2171	0
618	990	1
1585	1214	3
1506	12	0
2136	175	1
1661	110	0
1717	2183	1
2184	1301	0
405	750	1
2150	2185	0
1789	2186	0
1438	1437	1
269	735	1
667	347	1
1408	1954	1
992	387	0
2187	637	1
92	91	2
773	926	1
33	408	0
19	18	1
1232	1381	1
792	2188	4
2018	10	0
1917	2189	4
2190	2191	0
749	941	1
2192	1759	0
2046	1279	2
1779	962	0
2144	1652	0
389	1064	1
1707	1706	1
899	2018	1
1653	899	1
1790	472	1
1186	383	0
2055	2054	1
1711	388	1
1389	1489	1
2193	2194	1
94	1688	5
523	1122	1
63	2136	1
2195	1086	0
587	2196	4
1647	1763	1
1734	672	0
1363	549	0
45	2197	1
1969	667	1
457	2198	4
2199	825	0
1256	453	1
295	2200	0
2028	164	0
1154	1343	1
2201	404	0
863	941	1
2202	1358	0
2203	708	0
415	752	1
1872	650	1
1660	1519	1
683	600	1
243	641	1
1687	2085	2
2204	1038	0
89	245	0
2205	2206	2
31	902	1
296	1319	0
1579	1578	1
791	1148	4
607	283	0
276	1861	1
90	801	0
1953	2207	2
1473	18	1
1166	1405	1
1580	467	1
2208	1251	0
2209	2210	1
467	1580	1
90	89	1
678	164	0
329	1174	0
1656	2211	4
2212	1991	1
2177	2176	1
2213	2027	1
748	571	3
1100	1086	0
1198	2214	0
1070	230	1
97	156	1
1590	819	1
2215	1880	1
531	2216	1
1497	2217	4
1351	778	1
779	778	1
2218	2219	0
1229	399	1
2220	1699	1
1956	1248	1
1374	690	1
1381	1267	1
609	750	1
734	694	0
852	1573	1
2221	1321	0
1104	2222	1
56	341	0
202	732	1
1722	390	1
1157	1437	1
71	107	5
2169	1814	0
840	2223	0
1609	2224	1
141	1702	5
1175	942	1
1898	1150	1
1287	2164	1
2001	773	1
1244	2225	1
951	524	0
98	97	1
1535	1028	1
2226	1934	0
693	571	0
1353	2227	1
2228	1906	5
1231	1794	1
833	2229	4
1405	1166	1
865	1916	1
1681	1036	0
55	2230	1
676	206	1
740	1131	1
1578	2231	1
1861	276	1
662	19	1
358	549	1
2232	570	0
341	141	0
2233	2133	0
1991	1285	5
1454	60	2
131	87	0
536	344	1
2234	744	1
2235	2236	0
655	474	4
1353	2237	1
2238	537	1
2239	2185	0
1776	1651	3
985	143	0
2140	2240	1
2190	768	1
2241	2242	4
2243	2107	1
1943	1239	0
429	1141	1
1719	1095	1
598	1270	1
1448	255	1
2107	2244	4
106	939	1
275	79	0
514	2245	1
49	2246	1
2094	725	1
326	553	1
2247	2248	4
817	283	0
2249	2250	1
1385	377	0
2251	2252	1
1111	477	1
139	788	1
2104	799	1
2230	2026	1
407	872	1
535	1858	1
1316	2165	1
454	1974	1
2253	1530	1
2254	490	0
678	376	1
1397	2255	1
180	1041	1
443	1616	1
2256	1524	1
914	901	0
269	2257	1
624	376	1
1986	2258	0
1717	2259	4
1838	768	1
2260	2254	0
1110	598	1
834	2261	4
955	283	0
2073	2262	0
2263	28	1
1125	1225	1
1187	300	1
2264	191	1
1902	756	1
431	2265	1
1800	62	0
1880	2215	1
2252	2251	1
380	1067	1
2266	1799	0
1621	997	2
1646	115	1
972	2267	1
187	2268	0
2269	863	1
262	261	1
858	808	1
991	49	1
2270	190	1
1320	619	1
880	390	1
221	479	0
1941	1961	1
2101	421	0
1009	543	1
1321	18	1
1412	1217	0
2223	2271	4
2272	813	1
1102	108	0
2273	106	0
2274	698	1
1883	1285	1
847	2232	4
2275	827	1
1172	1043	3
2276	543	1
1072	208	1
33	43	1
1104	1660	0
508	388	0
483	1758	4
944	1321	0
637	2277	0
1501	1631	1
94	428	1
1445	490	0
1740	470	1
226	225	1
558	211	1
2278	1214	0
2063	2279	1
1437	1145	1
989	2280	1
2054	1859	1
2073	557	1
964	223	1
2281	616	1
2282	1332	0
1906	569	0
1684	2073	0
2249	50	1
53	101	1
2283	488	1
106	105	1
1505	2284	1
860	899	0
2218	2285	1
1112	628	1
1469	2286	4
732	2287	5
1317	807	0
740	1151	1
1285	1883	1
2288	1883	1
485	2289	0
380	1256	1
324	246	5
444	2290	7
2291	1088	2
992	2292	4
2293	344	0
1836	826	1
740	2294	1
2295	1420	0
1598	1174	0
1594	1641	1
1298	1068	1
1653	288	1
1623	672	0
1299	1298	1
698	697	1
2296	2297	4
271	38	0
1720	2113	1
382	822	3
2298	763	1
658	1109	4
1392	1681	1
1677	543	1
1534	960	1
1490	1036	1
1090	1169	1
893	2011	1
148	2299	1
558	1397	1
691	700	1
869	1239	1
2300	34	1
2301	561	0
639	552	0
1433	271	1
2107	2243	1
2212	618	1
1357	673	1
1802	171	0
960	959	1
127	2302	0
2220	2303	1
111	951	1
1054	1053	1
1167	164	0
941	749	1
2304	2111	0
528	527	1
60	59	1
768	2190	1
1034	1033	1
642	716	1
1278	1205	4
67	1239	0
2279	2063	1
768	2169	1
696	332	1
2119	763	1
403	2305	1
1597	1442	0
1480	467	0
626	625	1
658	1808	0
34	1362	1
746	1731	4
2306	1363	1
569	1353	2
2307	2308	1
2309	430	1
1782	2310	1
284	536	1
919	2109	0
559	991	1
77	1810	4
2311	1489	2
2269	941	5
357	2037	1
1905	2083	1
141	140	2
2312	109	0
357	846	1
46	362	0
1440	62	0
31	2313	1
2314	1841	0
1279	245	0
1505	2315	1
1392	2316	1
143	2317	1
1968	416	1
95	2246	1
2181	751	3
816	1703	1
108	453	1
100	459	0
351	1062	0
747	970	1
1783	330	5
2318	2319	0
1580	775	1
2320	1283	0
159	2154	0
537	1890	0
1306	1246	1
1179	2035	1
181	180	1
2321	176	1
1710	508	1
1495	231	1
408	1866	2
2227	1353	1
95	256	1
579	2119	1
1959	1100	4
1997	1791	1
2322	1842	0
1130	359	5
181	2323	0
1010	137	1
254	2324	0
731	2325	1
2231	715	0
732	1276	2
1150	213	1
1780	2326	1
2210	2209	1
888	2327	4
2328	398	1
2329	27	0
174	1370	1
474	2330	4
408	545	1
1285	1991	5
1079	280	3
684	2331	0
503	502	1
1493	1492	1
791	972	3
1464	719	2
321	2332	4
390	880	1
1599	591	0
1829	1994	1
255	1448	1
2333	2334	0
2335	433	0
1914	2177	1
672	585	1
2336	1446	1
1349	909	1
1874	491	1
156	97	1
791	42	3
1142	2337	0
1248	62	1
973	2338	4
1268	2339	4
2133	22	2
2340	379	1
1041	2135	1
89	346	1
1786	2341	0
1156	390	1
2310	1782	1
1064	328	0
797	1158	1
1285	1122	1
1209	1208	1
2283	487	1
2297	2282	0
2342	1834	1
477	1111	1
2343	382	4
225	2344	1
576	1487	1
1176	2181	1
131	130	1
1522	708	0
281	1980	4
1750	746	7
1268	2345	4
2346	1367	0
2347	1456	0
1645	6	1
1112	896	1
541	618	1
1285	522	1
525	1829	1
200	1311	1
521	1971	0
2348	2349	0
1337	1422	1
2350	294	1
371	987	5
2012	653	1
441	1850	1
1529	1263	0
879	344	0
1673	1211	0
634	408	0
2351	1043	3
304	725	1
925	580	1
871	1684	1
1621	1345	1
1543	2136	1
1024	1023	1
166	165	1
1553	251	1
549	358	1
1504	1174	0
369	368	1
347	667	1
1229	93	1
522	1991	1
703	148	1
1847	393	2
2352	1492	1
1695	1379	0
1256	898	1
2353	834	0
2238	1211	0
2354	28	1
1083	777	1
328	2355	2
167	1093	1
2316	1439	0
1619	1443	1
4	2356	1
683	79	0
586	585	1
603	2357	0
347	1245	1
213	1972	1
1181	2358	0
1003	1079	1
854	1246	1
1238	1237	1
616	1763	0
787	1723	0
756	755	1
2337	1600	0
68	2359	4
1474	62	0
745	2353	4
19	1855	0
2360	383	0
2224	1609	1
2132	700	0
150	1458	1
1874	467	1
12	1867	1
1402	2361	5
2230	508	0
2362	478	0
2363	1143	1
1414	1263	0
660	1846	1
2364	875	1
77	2365	4
232	231	1
2334	1456	0
2072	2071	1
28	2263	1
1317	859	1
197	2366	0
1175	1496	1
1344	1343	1
1265	2226	0
305	304	1
1872	666	0
897	2334	0
1666	514	1
799	798	1
1772	2367	4
891	2128	1
1329	2368	1
1256	101	1
2325	2106	0
2369	2370	1
79	1142	1
476	475	5
770	91	2
415	414	1
508	1710	1
2371	591	0
638	2372	1
2115	1717	4
879	143	1
2250	176	0
296	295	5
999	1073	4
538	537	1
2122	585	1
815	1984	1
2373	744	0
2246	49	1
810	2374	1
1341	2375	1
655	2376	4
95	2249	1
202	33	1
574	573	1
2163	1543	0
15	73	1
1570	2377	0
490	62	0
208	1631	1
1326	2378	0
1162	1161	1
1927	2379	1
1374	1871	1
347	245	0
2380	1186	0
1734	303	5
395	1136	1
2381	1449	1
1367	689	1
483	154	4
2032	1624	1
818	273	0
261	133	1
1930	1929	1
619	1034	1
939	106	1
2255	1397	1
2185	448	0
1929	96	0
2382	1043	3
2383	2162	1
767	570	0
814	700	0
1810	680	0
1488	2384	1
479	1929	2
915	345	0
53	453	1
2178	2174	1
2385	1199	0
613	2386	1
529	1520	1
1568	618	1
768	364	1
1076	152	0
570	383	0
1143	2363	1
505	2387	4
1407	2278	4
357	1720	1
992	2388	4
505	1413	4
565	1904	1
1872	795	1
72	1235	0
1284	1024	1
29	1191	1
1959	1086	0
1920	1919	1
1276	475	0
359	2389	5
1511	1239	0
725	2390	1
2011	893	1
2173	1086	0
750	405	1
2391	142	1
93	2392	1
696	237	1
1397	150	1
1685	132	0
561	560	1
251	1410	1
719	1462	1
773	1859	1
1990	1759	0
2393	570	0
1032	2394	2
2370	230	0
1538	2395	1
567	1455	0
321	834	0
741	2396	1
1380	830	1
2397	2333	0
803	2398	4
1983	1449	1
691	1124	4
1384	1815	1
1676	1214	3
561	2132	1
2008	441	0
2399	2326	1
1571	1054	1
2400	2133	1
2401	2283	0
651	182	1
9	8	1
980	598	1
2402	1863	1
458	1625	1
1674	150	1
47	45	1
430	2403	4
2404	658	1
1771	440	1
1607	1358	0
70	69	1
1741	2003	1
1643	1642	1
758	1630	1
1608	1884	0
39	875	1
118	2405	1
483	1352	4
2406	1251	0
1831	1462	1
2055	2407	1
154	2393	4
831	1391	1
614	230	0
2017	1739	1
536	1070	1
872	871	1
251	1540	1
60	2408	1
1267	1381	1
2348	1887	0
284	955	1
2409	2410	0
2411	974	1
74	2412	0
388	1711	1
889	383	0
174	187	1
1732	747	0
1309	2171	1
663	1894	0
1883	2288	1
2413	2349	0
844	1579	1
1486	1800	0
1170	639	0
1375	966	1
211	150	1
388	716	1
1379	277	0
1169	1090	1
1395	383	0
1650	2044	1
1158	2103	0
106	2414	1
1743	2415	1
2416	60	1
182	2176	1
287	363	1
2328	672	0
577	576	1
95	1290	1
1135	1575	0
1415	241	1
105	267	0
2148	673	0
1090	1089	1
1024	2095	0
280	2417	0
1364	2236	0
1399	1257	1
1034	619	1
1188	1841	1
2341	531	1
1227	1226	1
491	1874	1
768	2418	1
569	1567	1
2419	1194	1
1217	2118	0
2198	822	3
731	2287	5
1161	2420	1
1875	2401	1
1505	2421	1
483	75	4
4	158	1
1933	912	1
1303	1719	1
2367	589	0
519	2422	0
1815	1384	1
1416	2239	0
1285	1453	1
2287	732	5
864	2034	3
1721	180	0
409	2423	0
2316	207	1
2424	2425	0
1911	2045	4
1633	62	0
364	768	1
626	879	1
2164	926	1
420	1902	1
1904	360	1
1311	200	1
1994	1829	1
387	1442	0
114	700	1
1069	1346	0
1463	1074	4
1035	1293	1
608	70	0
1150	79	0
281	2426	0
32	2427	1
963	222	1
41	1511	1
1003	2428	1
869	2429	0
1191	743	1
2430	573	1
1967	1090	1
832	2067	1
943	1890	1
1581	58	3
2431	2199	0
1627	644	0
1277	1333	0
1048	67	1
108	1103	1
283	1451	1
315	1303	1
2328	1066	1
1671	531	1
1018	268	1
2005	2251	0
182	651	1
10	50	1
2432	2060	1
758	953	1
200	1735	1
1048	1440	1
543	2433	1
1704	242	1
1984	1869	0
150	1523	1
126	526	1
541	865	1
2052	86	1
279	2063	0
715	2167	1
831	1331	1
1205	570	0
1653	422	1
763	545	0
471	1197	1
1832	757	1
2085	1687	2
1080	2094	1
2434	1121	1
430	598	1
919	1878	1
1664	1548	1
507	1347	0
383	1305	0
1212	2435	0
1838	525	1
2318	1822	5
1229	2020	1
1215	2436	1
1567	71	1
1241	1240	1
1255	374	4
1960	513	1
2151	1559	0
146	1591	0
662	2437	1
945	2438	4
336	2439	1
1491	2440	4
2135	181	1
1558	869	1
14	327	1
2441	2049	0
182	1090	0
1160	1159	1
133	2307	0
662	2051	1
402	1644	1
1489	394	1
143	879	1
1262	1745	4
1264	644	0
1367	150	1
1201	2098	2
1196	752	0
2419	2005	1
1751	1523	1
2442	639	0
459	1987	2
2402	1943	0
1541	644	0
62	1583	4
371	1113	2
2094	1080	1
2443	108	0
1603	2078	0
1757	984	1
18	247	1
5	810	5
547	993	4
1167	1635	1
641	1331	1
411	410	1
1099	1341	1
202	5	1
2380	152	4
1951	1186	0
514	2444	2
459	55	1
463	2445	3
716	642	1
2265	408	0
1790	2446	0
1103	2447	1
831	996	1
1225	1125	1
194	2134	1
1082	288	1
276	983	0
1355	470	0
118	13	1
955	2369	1
1232	479	1
890	1366	1
323	516	1
2311	1708	1
1919	403	1
150	1428	1
1819	672	1
1846	62	0
1230	1795	1
272	330	1
937	1305	4
941	864	5
102	54	1
2255	210	0
751	1021	4
115	1586	0
621	2448	1
736	1435	0
1050	44	0
1845	2421	1
250	903	5
2287	731	5
973	1076	4
1326	209	1
586	2185	1
1009	829	1
522	1250	0
2449	2450	0
855	1171	1
825	1998	0
1528	2451	1
255	685	1
40	1905	0
1639	2452	1
323	2453	5
2011	704	0
429	79	1
471	541	1
1618	1443	1
532	115	1
535	677	1
1566	126	1
2431	12	1
1262	796	0
438	1526	2
44	64	0
1653	740	0
534	535	5
2454	1003	1
45	1442	0
2410	2455	0
366	39	1
550	2456	1
202	2287	1
94	430	1
106	1923	1
1267	802	1
1531	205	1
668	667	1
2266	1181	3
2457	2000	0
2436	1215	1
579	408	1
1774	426	1
457	383	0
2458	1379	0
505	2371	4
1547	376	0
148	703	1
45	2459	1
2289	357	0
631	1173	2
619	313	1
708	174	5
1184	1183	1
1583	2460	4
1339	775	1
446	445	1
192	2461	0
676	1474	1
39	2462	1
1952	144	0
2463	353	0
1187	480	0
2130	76	0
321	2464	4
71	1567	1
472	1790	1
1330	1697	0
953	2333	0
1405	1548	0
1382	669	1
461	1361	0
242	1704	1
1790	1366	1
960	1534	1
973	505	4
104	1727	1
2145	1	0
2465	371	0
1874	1709	1
174	2466	5
216	1003	1
1819	874	1
1340	557	0
223	1246	1
287	286	1
2467	1767	0
281	1384	1
2261	339	0
1765	385	2
115	532	1
94	93	1
926	2164	1
519	2468	4
1338	2233	0
1572	1212	0
709	708	5
28	205	1
712	1119	1
366	176	1
813	224	1
943	357	0
600	683	1
1292	1602	0
2359	2469	4
1255	2470	4
1234	2400	0
1277	2471	4
256	255	1
1190	2472	1
2115	2259	4
514	2173	1
2451	1528	1
577	478	0
216	1212	1
898	1653	1
2240	2140	1
2307	1293	1
49	558	5
298	527	1
1129	1128	1
1458	150	1
101	1256	1
2473	1883	1
1317	1589	1
583	2081	1
871	113	1
1443	1619	1
645	255	1
2283	1199	0
1122	523	1
2474	1317	1
525	328	0
1789	2475	1
851	1990	1
2145	2476	1
619	1473	1
456	1889	4
3	456	0
83	1043	3
1993	1138	1
198	683	1
1040	1991	0
40	439	1
2477	2478	1
687	686	1
519	1802	1
865	541	1
2132	671	5
1424	94	1
42	474	4
2308	2094	1
1721	962	5
876	875	1
2008	2007	1
261	1817	0
15	358	1
1233	1381	1
1510	1311	5
1142	1141	1
1795	1230	1
1392	1712	2
989	988	1
975	188	0
551	62	1
2109	2108	1
587	1186	0
2142	408	0
2162	2011	1
382	1776	1
1040	1197	1
393	392	2
2220	824	0
385	952	1
1902	420	1
947	1668	1
2119	545	1
133	725	1
453	53	1
1282	1281	1
1511	512	1
286	249	3
2307	1035	0
2224	1405	0
1118	1442	1
654	390	1
1367	211	0
537	2238	1
459	2026	1
865	752	0
394	816	1
407	406	1
1901	1983	1
2004	2091	0
1702	141	0
910	388	1
541	1040	1
316	2479	0
580	117	1
1822	2319	0
751	2480	4
631	1078	5
1795	1794	1
2063	62	0
454	24	0
358	540	1
635	2322	2
2481	2482	1
2316	1392	1
470	1740	1
1650	388	0
2483	1291	1
700	530	1
2484	920	1
174	1064	0
746	938	1
1859	1550	5
2325	731	1
2052	2028	0
1291	2483	1
49	1674	1
920	2484	1
1320	2485	1
991	971	1
2486	339	0
240	901	0
2245	514	1
468	467	1
224	2487	1
398	728	2
1798	616	1
330	272	1
740	327	1
169	1634	0
1625	1481	0
2023	2488	3
985	984	5
518	2166	0
1587	1232	1
859	1202	1
234	2082	1
85	385	1
1060	401	1
1531	1530	1
707	746	1
1718	1740	0
2489	2008	1
1647	616	1
483	2490	4
1392	1119	5
101	328	0
1439	442	1
1624	2100	1
725	724	1
1398	1108	1
2339	834	0
1866	1865	5
1580	1340	1
783	2491	2
668	634	0
853	530	1
1439	1559	0
802	479	0
737	383	0
822	2032	1
1032	1031	1
946	2492	0
2493	1251	0
34	622	1
1641	1594	1
1944	1943	1
318	2494	4
1872	416	1
629	16	0
398	2328	1
426	1774	1
2008	1939	1
579	578	1
55	459	1
389	2495	0
2477	2496	0
1327	2059	1
536	370	1
1834	1687	2
849	230	0
2497	2450	1
823	1872	0
805	357	5
2131	2312	4
1708	2311	1
2498	464	0
439	268	1
1742	509	1
2445	759	1
151	62	0
1514	2085	2
376	1940	1
1424	2499	0
1304	164	0
2447	1256	0
703	2500	1
2501	2502	0
583	2012	1
1625	458	1
1325	832	1
778	1964	5
854	224	1
897	398	1
527	1989	1
2005	2503	1
1904	2273	0
778	2090	1
1845	1978	0
2018	899	1
518	1734	5
662	2504	1
1524	2256	1
2070	181	1
2048	395	1
1185	2505	4
1941	2304	0
1161	1916	1
256	95	1
1394	1595	1
1799	2506	1
2507	1457	0
2185	2508	1
2326	2399	1
2476	1545	1
2417	2279	0
1446	2336	1
683	2269	5
266	265	1
307	2509	1
2075	1954	1
1166	180	0
34	102	1
2510	2481	1
2076	616	1
154	1517	1
1389	2311	1
370	1790	0
2469	36	0
1719	1718	1
2317	143	1
2447	1103	1
2511	1476	1
2512	143	0
207	206	1
2164	1287	1
191	2264	1
2139	1358	0
1373	858	1
307	2423	0
2147	351	0
121	187	1
1159	390	1
1421	650	1
1650	1480	1
97	607	0
1366	997	1
1995	2513	0
453	108	1
851	2206	2
2514	1010	1
1926	454	1
1298	1952	1
1632	2050	0
1110	552	0
536	284	1
1064	389	1
2142	797	1
833	1876	4
2515	307	1
469	85	1
317	35	0
12	1454	2
527	1350	1
336	6	1
847	2516	0
1752	467	0
910	1212	1
2293	626	1
2027	2213	1
2046	245	0
1304	180	1
1852	1593	1
1824	1823	1
258	1009	1
2382	1343	0
1429	430	1
1072	1501	1
1481	458	1
1311	241	5
691	416	1
2517	2109	0
527	298	1
2252	2518	0
173	97	1
494	64	0
2330	1251	0
864	863	1
791	1379	4
335	2082	1
1287	1286	1
585	2122	1
554	2519	1
1232	1587	1
595	2060	1
1876	822	3
977	976	1
1148	1186	0
974	379	1
2369	230	1
196	1201	1
283	370	1
1032	2520	2
1029	1018	0
752	1823	0
354	2521	0
2522	69	0
756	1201	1
23	22	1
2097	2523	0
453	899	0
2524	328	0
2525	1557	0
2099	2526	4
371	1208	1
546	847	4
1844	1202	1
2525	1367	1
543	1009	1
1994	777	5
1981	570	0
1513	2527	0
1407	2501	0
2528	1538	0
303	269	1
1447	1433	1
877	483	0
367	1152	0
803	2296	4
422	1429	0
412	2240	1
2529	2373	0
2181	1176	1
1894	2530	1
2082	1321	0
1314	1032	1
1214	2164	0
206	676	1
2531	733	1
1167	1166	1
707	2532	1
530	416	1
614	947	1
1813	1812	1
1346	1239	0
1954	2075	1
2081	1504	0
1361	1533	0
2177	1350	0
682	1782	0
2533	2347	0
200	241	1
1138	851	2
2021	1366	1
22	1009	1
1339	362	0
300	299	2
1734	276	1
150	1996	1
284	283	1
808	807	5
1202	1844	1
1680	1598	0
1374	416	0
1176	942	5
903	1223	0
1067	380	1
2260	2528	1
953	952	1
527	1460	1
1906	2228	5
303	1734	5
601	2364	1
1024	1163	1
1363	548	1
1194	2006	1
1030	1566	0
281	162	1
1317	1892	1
114	113	1
1043	2351	4
2534	79	0
1255	152	0
7	6	1
791	1463	4
1174	673	0
2248	2535	0
812	811	1
905	0	3
2387	1217	0
616	2281	1
1814	986	1
1832	1359	0
39	1705	1
62	1686	1
1208	371	1
1547	1043	3
1215	1214	1
1081	2059	1
1830	2409	1
1063	273	0
2536	2221	1
1984	815	1
956	2537	0
1887	1214	0
1209	1357	0
1580	2047	1
1293	170	1
1438	1977	0
273	1235	0
952	1630	1
483	913	1
2050	2060	2
2133	1009	1
1194	2346	1
429	62	0
14	540	1
1003	2454	1
972	328	1
957	280	0
2376	1292	0
1709	1874	1
1631	494	1
608	474	1
2538	2164	0
506	2539	4
2540	1359	0
1564	756	1
546	2071	4
2062	27	0
12	1243	2
2154	842	1
21	167	1
65	1452	1
1381	1233	1
1227	2541	1
1233	802	1
2160	810	1
301	77	1
294	2350	1
2542	1274	1
1880	968	0
1708	1660	0
2543	2399	1
9	1051	1
546	821	4
95	685	1
2518	164	0
1116	1115	1
1503	958	1
2320	1157	1
865	1405	1
981	980	1
2359	2544	4
2249	2537	0
106	387	1
988	2280	0
1556	93	1
1701	2545	0
380	1714	1
487	2283	1
1449	62	0
598	1057	1
2060	595	1
798	283	0
1790	819	1
1157	2103	1
853	700	0
174	64	1
1080	2307	0
120	119	2
479	222	1
626	2293	1
758	479	0
2546	1359	0
669	1984	0
2522	1302	1
658	2404	1
1249	1248	1
195	256	1
263	2547	4
1019	2463	4
1268	321	4
1638	1759	1
71	2548	1
1578	844	1
168	2549	1
1269	1429	0
942	1496	5
864	941	5
2225	1244	1
2390	725	1
112	111	1
694	241	1
2430	2550	0
456	906	4
1128	777	1
1552	84	1
943	1369	1
479	2551	1
1112	2552	1
1595	872	0
1904	565	1
1515	969	0
2059	1081	1
2475	1789	1
683	456	1
66	443	2
1296	1600	0
978	726	1
379	1024	1
867	563	2
1233	1122	0
220	429	1
1549	569	5
1111	895	1
1623	1622	1
1192	1191	1
2003	1741	1
594	230	0
2553	1837	4
901	383	0
1727	2185	0
370	230	1
2164	983	0
427	398	1
1255	1915	4
2176	182	1
99	409	0
2540	50	1
328	1574	1
1317	1603	1
438	437	2
1706	997	2
1147	222	0
224	223	1
1737	532	0
1105	1104	1
1918	1804	1
483	1179	4
572	2056	0
543	23	1
2554	918	0
2462	761	0
2555	1432	1
1075	1346	0
1231	1937	1
972	914	4
22	2133	0
2556	1788	0
1882	823	0
938	2120	1
1886	339	0
1368	244	1
546	679	4
670	669	1
972	1322	0
805	1720	1
566	1119	1
1774	881	1
2452	1520	1
1456	1597	0
2545	2249	1
423	945	0
689	1367	1
2103	921	1
288	2326	0
1323	901	0
336	1023	1
1530	2253	1
1224	344	0
275	518	5
777	188	1
97	1316	1
1272	396	1
1991	1122	1
222	221	1
2508	647	3
2336	58	0
1589	857	0
2557	673	0
863	2153	1
2448	2558	0
1711	64	0
1611	1402	1
1240	139	1
1763	2548	1
827	2275	1
859	858	0
24	1740	1
580	1749	1
126	125	1
343	79	1
1387	15	0
2452	1639	1
1522	265	1
2541	1227	1
416	1871	1
1583	1086	4
2060	629	1
1049	932	0
2559	938	1
269	1861	1
965	52	1
1311	1510	5
2487	619	5
1341	1715	1
1675	1284	1
2477	2050	5
1220	956	0
454	2546	1
313	1334	0
923	918	1
1722	8	1
1997	1983	1
424	2560	0
1131	1296	1
2006	2005	1
62	2561	1
358	1296	0
2154	983	0
2389	358	1
430	2309	1
2562	892	1
65	470	1
819	1590	1
2243	1205	0
2267	676	0
359	1130	5
84	990	1
2392	93	1
2086	362	0
1023	336	1
1927	1391	1
1362	34	1
1748	2563	4
2513	367	0
799	2104	1
2345	834	0
1992	1043	3
809	122	0
2564	415	1
1831	719	1
2159	1997	0
579	2265	1
2553	2565	4
1927	1840	1
197	918	1
209	1600	0
971	1367	1
1536	1530	0
881	1774	1
1987	2566	0
2375	1341	1
2356	4	1
2567	1559	0
388	1932	1
1968	1502	0
821	587	0
1627	416	1
1120	912	1
999	901	0
1448	1447	1
740	15	1
2427	113	0
1657	1127	0
1108	1107	1
1275	2427	1
1312	2568	0
2548	71	1
169	1035	1
1620	1346	1
389	388	1
1613	1048	0
1169	583	1
6	115	0
2569	362	0
1003	1844	1
1386	327	0
1554	2042	0
1612	1611	1
1540	219	0
2268	1543	0
2570	1924	4
1837	1359	0
14	2571	0
2019	899	0
1523	826	1
2106	480	0
444	443	2
719	1464	2
2572	591	0
52	494	0
1983	1901	1
2284	1506	0
401	1357	1
1256	380	1
466	2372	1
1927	1064	0
1647	641	1
190	1093	1
11	2328	1
514	1032	2
1329	2573	1
76	383	0
1899	467	1
700	699	1
347	2574	1
224	619	1
474	2575	4
2576	989	0
495	1869	0
2577	1031	0
2374	1445	0
203	2517	1
141	1136	2
3	1114	1
791	1748	4
1471	323	1
1893	1218	1
725	133	1
425	1870	1
1321	1062	0
156	614	1
918	294	1
2578	429	0
1238	278	0
1462	81	1
685	1894	1
269	2579	1
526	960	1
2030	1904	1
584	653	5
2372	466	1
77	301	1
1794	1231	1
230	1451	1
1673	268	1
161	1384	1
280	279	1
266	525	0
178	2557	0
549	548	1
101	53	1
2206	851	2
297	2266	1
935	934	1
2517	203	1
548	1363	1
1329	1567	0
1858	1030	0
1482	2580	4
1723	344	0
546	383	0
920	919	1
2077	1251	0
620	2581	1
1540	251	1
1094	486	1
849	2582	1
2570	2583	0
82	719	2
1889	2584	1
141	1835	1
1197	1196	1
1206	1571	1
1637	62	0
743	738	1
472	717	5
1327	790	1
757	1534	1
2585	589	0
1783	271	0
1293	2094	1
676	2014	0
580	13	1
2004	1043	3
1103	622	1
545	44	0
763	308	1
1939	1624	0
543	1446	0
1137	2586	0
212	1259	1
1820	1022	0
1368	2587	0
563	1856	2
211	558	1
863	683	1
1709	1210	1
1396	589	0
1411	1043	3
1131	358	1
768	1838	1
2171	1309	1
1146	1145	1
1566	145	0
1252	704	1
2588	44	0
279	280	3
611	121	1
921	524	0
521	490	1
106	267	1
992	2202	4
1363	2306	1
530	113	1
241	1415	1
84	1155	1
2409	1830	1
2554	1989	1
1518	1217	0
2397	1341	1
1693	1692	1
1245	184	1
2548	1763	1
1972	213	1
242	209	1
1299	2589	0
1817	262	1
60	2416	1
1505	1762	0
875	39	1
933	828	1
858	714	1
2317	2590	0
2012	584	1
2587	1927	1
549	14	1
415	2564	1
23	543	1
1337	1476	1
4	2514	1
2217	36	0
1625	2591	1
992	1550	1
1525	2592	0
658	2593	4
633	1094	1
863	2269	1
250	1682	1
259	778	1
176	1805	1
95	956	1
2166	509	2
346	89	1
1963	1952	1
2153	941	5
649	62	0
859	1785	1
1763	419	1
33	227	1
1394	1332	0
1196	1465	1
1504	2594	1
2165	771	1
1566	757	1
1052	1729	0
62	551	1
547	2170	4
787	1429	1
1883	377	0
561	215	1
87	2578	0
332	696	1
543	1949	1
102	1198	0
1653	898	1
2595	894	0
2323	1174	0
1780	1779	1
1168	2028	1
2174	2178	1
467	62	0
1686	62	1
155	834	0
1773	1460	0
1390	628	1
433	2596	1
1613	855	1
2265	579	1
632	1078	1
1533	1928	1
1764	1035	0
2466	174	5
2508	2185	1
467	729	1
209	606	1
1722	380	1
106	319	1
712	2151	0
1350	2005	0
1795	672	0
1095	1719	1
802	2362	1
358	15	1
2597	2377	1
1284	1260	1
834	338	4
282	457	0
1413	1263	0
1325	2587	0
1375	1374	1
707	230	0
1315	1314	1
1449	1665	1
1266	379	1
802	1233	1
785	119	2
1076	1508	4
1905	1174	0
2295	671	1
321	2598	4
857	1317	1
174	63	1
1516	1623	1
999	2585	4
683	863	1
2599	1016	1
2029	672	0
119	513	2
2028	86	1
252	1640	1
1167	1823	1
1234	1029	1
2271	2498	0
229	2037	1
1605	1263	0
1019	1908	4
1761	1115	0
297	1541	1
853	2015	1
8	845	1
2398	1646	0
870	869	1
886	192	1
2156	570	0
1336	1423	1
1151	358	1
1567	44	0
535	1030	1
711	570	0
2600	1328	1
299	2527	1
1417	1914	1
150	827	0
1319	2601	2
1240	16	0
1580	1339	5
663	181	1
1058	1356	1
763	2119	1
203	202	1
1303	345	0
2177	651	1
2602	598	0
463	2185	0
247	2603	0
1897	827	1
941	748	1
1009	933	1
2395	573	0
400	439	0
187	2103	1
759	2445	1
700	114	1
1093	1327	0
2604	1217	0
1711	1064	1
191	190	1
52	606	1
1278	1204	4
126	1475	1
2095	62	0
256	897	0
990	1122	0
1550	855	1
406	1209	0
2133	2400	1
266	1525	1
700	2015	1
710	1164	1
1470	240	4
327	358	1
921	121	1
989	2605	1
1940	2260	0
2606	151	1
2607	1800	0
387	940	1
1176	1752	1
1841	969	0
1509	1661	0
1152	758	1
1274	2542	1
2136	1543	1
1784	2231	1
1331	1927	1
205	355	2
1451	2608	0
1384	161	1
1867	12	1
1747	2600	0
1295	1174	0
2509	307	1
349	1207	1
1669	1830	1
2162	2383	1
2301	1281	1
619	2487	5
14	359	1
443	891	2
2022	972	3
2609	1217	0
1426	383	0
2450	2497	1
2375	151	0
97	771	1
2026	2230	1
2001	2000	1
286	1550	0
625	429	0
1133	255	1
209	1326	1
2610	1449	1
1970	60	0
79	2424	1
204	1908	1
25	1609	1
2362	802	1
1956	1845	1
1384	1	3
74	2481	1
1274	1273	1
1619	164	0
2321	2151	0
2575	239	0
2029	640	1
961	1888	3
1146	1438	1
158	1010	1
673	521	1
2414	106	1
1989	527	1
1130	362	0
1148	1185	4
169	724	1
117	127	1
808	1048	0
2611	1279	1
2612	570	0
1534	757	1
2071	1841	0
38	37	1
1009	80	1
1306	223	5
2613	1841	1
1525	266	1
242	208	1
1256	576	1
1303	1096	1
1956	12	0
2273	2614	1
953	1196	1
6	1614	1
33	1640	5
606	52	1
2395	1538	1
790	1327	1
2047	1580	1
751	943	1
573	1359	0
2615	1523	1
2065	252	1
1492	2352	1
2355	390	0
1421	168	0
1035	725	1
354	1246	1
524	1723	0
2331	2616	0
1640	1049	0
2359	2040	0
1940	2617	1
1403	982	0
1682	250	1
1391	1927	1
802	1267	1
111	2203	0
158	137	5
227	2427	1
237	1366	0
2306	2618	4
2111	901	0
585	1928	1
77	2619	4
286	363	5
763	2298	1
1469	1291	4
2620	1235	0
2621	339	0
1399	746	1
102	34	1
868	2622	4
2448	621	1
208	242	1
1239	869	1
2527	299	1
43	347	1
959	757	1
989	479	0
2433	543	1
174	44	1
1476	1337	1
1759	1638	1
848	205	0
836	688	1
2059	2623	1
2624	62	0
2625	1435	0
1564	1622	0
33	32	1
1357	1971	0
1717	1716	1
139	1240	1
1954	1408	1
483	2626	4
2307	1284	1
2627	2226	0
569	409	1
2345	2628	4
1654	838	0
846	838	0
80	79	0
2623	2059	1
2331	3	4
1166	1411	1
64	1596	0
601	2064	1
2285	2218	1
2155	597	1
1806	862	1
2309	598	0
978	1230	1
685	255	1
820	2385	0
1503	1818	1
872	407	1
318	2629	4
896	895	1
850	380	1
2399	2630	0
130	2132	0
262	62	0
1591	2382	1
1823	1167	1
2279	2631	4
329	1783	1
2513	176	1
978	2632	1
1760	1026	0
1936	1935	1
2500	703	1
806	2290	1
162	161	1
2133	828	1
2459	1199	0
515	336	1
643	815	0
1560	1335	0
2242	1601	0
927	2164	0
1959	2577	4
1492	774	1
205	1625	1
2633	1765	2
531	2341	1
582	536	1
2453	323	5
1249	1845	1
100	569	5
1270	2602	1
795	1872	1
1103	1256	1
2013	2207	1
432	431	1
1020	740	8
310	403	0
1235	552	0
1854	233	1
92	770	2
82	81	2
1638	1637	1
1871	1374	1
1196	1630	1
171	577	1
1342	1341	1
1095	62	0
459	1822	2
2634	454	1
1819	25	0
2206	2205	2
803	2595	4
68	1470	0
898	289	1
1278	2635	4
367	176	1
698	2221	0
1094	1741	1
760	1807	1
739	190	1
2369	955	1
938	746	1
2269	250	0
618	2212	1
2074	556	1
1600	593	1
846	357	1
1432	2555	1
1401	308	0
535	534	5
938	126	0
1144	1251	0
2287	202	1
408	579	1
2339	2486	4
1908	2226	0
1422	1875	5
2176	1502	0
175	2136	1
938	937	1
1360	2636	3
906	905	1
111	524	1
2010	1530	1
593	592	1
1331	55	0
2303	2220	1
1989	2554	1
1346	1620	1
371	2260	1
2365	711	0
142	2391	1
207	1380	1
2090	2637	0
1714	380	1
840	2118	4
1469	1796	4
50	2249	1
2019	2018	1
1785	859	1
1878	919	1
95	2638	1
1928	2639	3
335	233	0
864	1141	0
1821	1043	3
1758	913	1
546	1395	4
289	10	0
1123	1229	1
1429	787	1
1611	2640	4
2583	1887	0
2216	46	0
468	1986	1
577	171	1
1962	585	1
1026	1199	0
1595	557	1
2112	1969	1
1740	2533	0
2141	1217	0
454	2641	1
601	876	1
1557	362	0
2637	603	3
320	106	1
315	806	1
548	740	0
2642	589	0
287	2643	0
2485	1320	1
9	427	1
676	2644	3
276	1734	1
146	2247	1
308	307	1
1769	770	1
2574	87	0
616	1655	1
1793	2392	1
343	2424	1
1366	1064	0
1009	22	1
540	740	1
743	1191	1
2188	711	4
2368	1329	1
998	997	2
2487	224	1
1030	535	1
2081	583	1
179	673	0
1131	289	1
2645	1328	1
2607	1054	1
2132	561	1
768	1860	1
342	79	1
1246	354	1
1237	482	0
1021	1496	1
1952	1298	1
505	1605	4
309	1039	1
123	77	1
2277	1319	0
1883	2473	1
1743	2027	0
371	1179	1
390	1722	1
2386	613	1
728	727	1
996	831	1
144	1341	1
1503	1502	1
170	1293	1
2110	135	1
2088	223	1
458	1530	2
2247	460	4
1939	2008	1
509	1742	1
740	1723	0
56	1064	1
1514	1513	1
773	1565	1
2405	118	1
508	507	1
436	435	1
792	1186	0
1675	1975	1
79	1857	2
1570	799	1
1883	2550	1
1598	1823	1
2415	1743	1
2240	412	1
2646	439	1
2647	589	0
1059	1202	1
1004	1003	1
2143	1456	0
2514	2648	1
1431	1927	1
2161	2649	0
1268	2126	4
1737	1736	1
2537	1066	0
1096	1095	1
1119	566	1
342	879	0
698	619	1
941	571	3
579	409	0
2394	1032	2
976	672	0
358	1151	1
1836	150	1
1202	160	0
256	195	1
926	773	1
40	39	1
1222	1682	0
65	764	2
997	1706	2
1908	204	1
1496	1176	5
1373	2078	1
1989	1025	0
1590	413	0
533	1018	0
1452	65	1
176	40	1
751	610	1
559	2615	5
1533	447	0
840	1251	4
2460	1086	0
112	1572	1
12	451	2
2006	1194	1
1458	1649	1
1322	383	4
1390	1824	0
1963	151	1
498	2650	0
393	1847	2
515	115	0
593	1600	1
1121	1124	0
879	626	1
1	1807	0
1468	778	1
810	974	1
1157	1575	0
763	2524	1
1878	25	1
1700	2030	0
166	2260	0
1609	85	0
1058	1057	1
1736	1415	1
2177	1914	1
1229	980	1
1049	61	1
1571	1206	1
2427	227	1
635	2003	0
244	243	1
1339	1709	1
291	290	1
1343	2651	1
42	1911	4
987	371	0
671	2295	1
1255	2609	4
2060	2432	1
1580	2534	0
475	2093	1
2436	2164	0
1337	2401	0
2109	1455	0
798	632	1
1623	1516	1
2069	1035	1
696	695	1
881	390	1
1203	1844	1
1153	1698	0
50	2540	1
112	627	1
1573	1562	0
439	2646	1
323	283	0
373	2026	0
1613	1859	5
606	788	1
1921	131	1
828	543	1
619	698	1
60	504	1
782	2652	0
358	2389	1
1884	712	0
352	971	0
2384	576	0
2478	2477	1
1631	208	1
1633	1215	1
1260	1284	1
143	1224	1
1998	344	0
2653	1086	0
2654	59	0
529	2452	1
1122	1827	1
1408	1407	1
999	2115	4
167	1968	1
2655	1311	0
2134	62	0
962	961	1
2189	2450	0
865	1465	1
440	1018	1
664	10	0
1946	637	0
2556	141	1
907	688	5
1907	1906	1
657	178	0
2479	344	0
793	1629	1
2656	160	1
2283	563	1
2115	2572	4
1927	2587	1
20	1312	1
1707	1069	0
619	224	1
25	1878	1
1957	1142	0
776	1108	0
559	211	1
648	2011	0
2315	1505	1
894	893	1
1005	809	1
281	868	4
1495	76	0
995	244	1
1191	1481	0
1490	376	0
142	171	2
777	975	1
22	828	1
958	1503	1
9	453	1
6	1864	1
1212	265	1
1380	1392	1
1335	457	0
2622	282	0
1814	2657	1
1464	82	2
62	1248	1
874	1819	1
2658	1781	1
64	174	1
2266	297	1
2432	603	3
1553	1640	1
2481	2510	1
807	2078	1
2059	2058	1
1308	115	0
2568	1142	0
1319	2659	1
376	2660	1
2561	1582	0
1384	1383	1
1577	584	1
133	2057	1
1790	2124	1
527	62	0
2028	1168	1
390	1156	1
2280	989	1
918	197	1
1684	871	1
72	71	1
2401	1875	1
1868	2560	0
2651	1343	1
1087	2218	0
1880	1879	1
1092	671	1
725	305	1
1570	1569	5
1768	1016	1
921	2103	1
2632	978	1
2648	202	0
2660	376	1
307	2515	1
824	143	0
1763	1647	1
141	2334	1
648	1044	1
992	1859	1
2661	2248	0
1118	573	1
2631	2553	0
380	850	1
394	1489	1
698	2274	1
1630	1196	1
294	293	1
193	192	1
601	963	1
15	74	1
1100	1099	1
2506	1799	1
335	2437	1
1887	992	4
2240	224	1
1154	1018	1
1699	126	1
1871	416	1
732	731	5
1930	2662	1
2407	2055	1
1213	211	1
2663	924	0
547	900	4
2369	344	0
1464	81	2
1608	24	1
1553	2570	3
2664	602	0
1403	1402	1
1621	1097	2
1155	1174	0
1157	2320	1
9	328	1
1558	1557	1
106	320	1
1519	1766	1
2249	2545	1
672	831	2
903	1012	1
316	315	1
2042	62	0
875	523	1
46	2576	5
1079	2423	0
1803	1927	0
2489	465	0
974	2411	1
224	18	1
1996	2442	0
948	2138	5
1085	2122	1
409	569	1
207	2316	1
940	387	1
359	14	1
1663	576	1
520	519	1
536	1451	1
1573	852	1
1709	467	0
2284	1946	2
884	439	0
741	2665	1
1912	2235	0
546	916	4
2055	700	0
2027	983	0
733	2531	1
157	947	1
2178	1846	0
1318	1317	1
1115	2075	1
673	1357	1
2462	39	1
2102	772	1
1434	1053	0
1318	1059	0
1341	144	1
1539	1540	1
655	2642	4
88	62	0
2573	1329	1
1833	1698	0
2064	875	1
731	148	0
2183	1717	1
1717	1324	0
739	312	0
8	328	0
1983	1997	1
1914	1417	1
1111	1801	0
849	1722	1
721	29	1
135	79	0
1072	1631	0
428	94	1
2241	1470	0
1846	660	1
2666	834	0
133	132	1
2495	1296	0
1257	1570	0
1565	927	1
1127	2137	4
810	2273	0
439	2667	0
324	323	5
1840	1927	1
589	2121	4
2015	853	1
1154	64	0
752	1439	1
903	1682	1
208	1072	1
992	1360	4
650	666	1
2101	2100	1
281	1	3
359	358	1
920	1840	1
1254	1658	0
1960	1666	0
250	79	0
1064	1711	1
174	708	5
379	2340	1
1158	797	1
1767	969	0
440	439	1
1606	1263	0
469	2668	0
1317	857	1
2530	1894	1
2425	1239	0
1121	2434	1
993	589	0
1804	2114	0
971	1674	1
1653	2019	1
2210	1559	0
1609	786	1
820	819	1
1077	1532	0
1550	992	1
1761	2060	1
2669	2015	0
1502	1348	0
399	1229	1
1202	857	1
1048	982	1
241	200	1
2528	2260	1
610	609	1
2269	683	5
1376	300	2
1112	1111	1
1096	1303	1
839	2151	0
584	1967	1
2407	530	0
393	1388	1
127	13	1
151	150	1
1165	2670	4
1213	1397	1
791	465	0
697	2274	0
2593	1808	0
1422	1337	1
547	1948	4
1899	983	0
974	2374	0
1423	1337	1
644	62	0
2526	968	0
1780	2543	1
1503	1831	0
1326	1325	1
1086	1200	0
481	1237	1
1827	566	1
24	1608	1
246	324	5
118	2620	0
2565	1359	0
370	536	1
22	1593	1
1097	1621	2
1991	1406	0
1224	143	1
1307	2211	4
1534	126	1
1521	2671	0
1834	2342	1
1247	1251	0
769	768	1
2519	2672	0
2439	336	1
662	958	1
545	2119	1
653	2012	1
545	2673	1
230	2369	1
1991	2212	1
685	195	1
611	768	1
2026	1075	0
1404	968	0
143	2335	1
2328	11	1
33	1275	1
2674	2209	0
755	2192	0
133	1685	1
2675	834	0
2426	746	0
1395	848	1
2120	938	1
165	178	0
1031	2676	0
142	1060	2
515	1617	1
1986	1985	1
18	224	1
326	2677	1
1816	106	1
1964	778	5
15	14	1
719	1744	2
1508	2678	4
1449	2610	1
1991	522	1
4	2679	1
960	2680	1
2681	199	0
895	2682	0
823	2683	1
999	2684	4
371	2685	2
1280	2686	0
2687	479	0
2688	1984	1
223	2689	2
98	2690	0
149	2691	0
2692	351	0
2693	357	0
2694	1500	1
822	2695	0
176	2696	1
2697	1003	1
2676	2698	1
1190	2699	0
316	2700	1
2300	2701	0
2702	60	1
1392	2703	0
992	2704	4
2072	2705	0
52	2706	1
2707	18	1
2708	97	1
834	2709	4
1281	2710	1
2206	2711	2
2299	2712	1
1283	2713	0
554	2714	1
2342	2715	0
2716	2185	0
2144	2717	1
1082	2718	0
945	2719	4
1255	2720	4
571	2721	0
2722	38	1
2723	1780	1
2616	2724	0
510	2725	0
2059	2726	0
321	2727	4
2714	2728	0
248	2729	4
474	2730	0
631	2731	2
1309	2732	0
1103	2733	0
2206	2734	1
967	2735	0
1255	2736	4
720	2737	0
2505	2738	4
1941	2739	4
2484	2740	0
948	2741	0
2490	2742	0
469	2743	1
1129	2744	0
102	2745	6
