6327
0	1	0
2	3	1
4	5	2
6	7	3
8	9	3
10	11	4
12	13	3
14	15	0
16	17	0
18	19	0
20	21	2
22	23	3
24	25	0
26	27	2
28	29	0
30	31	3
32	33	0
34	35	0
36	37	2
38	39	0
40	41	0
42	43	0
44	45	2
46	47	5
48	49	0
50	51	1
52	53	1
54	55	3
56	57	0
58	59	1
60	61	3
62	63	3
64	65	1
66	67	3
26	68	2
4	69	2
70	71	3
72	73	1
74	75	0
76	77	0
78	79	0
10	80	4
81	82	1
83	84	3
85	86	2
87	88	5
89	90	3
91	92	5
93	94	0
95	96	3
97	98	1
99	100	1
101	102	1
103	104	0
105	106	1
107	108	1
109	110	0
111	112	3
113	114	2
115	35	0
10	116	4
117	41	0
118	119	1
120	121	6
122	123	3
124	125	2
126	127	0
128	129	2
130	131	1
70	132	3
10	133	4
134	135	3
136	137	2
138	139	0
140	141	5
142	143	1
144	145	1
146	147	0
10	148	4
149	150	0
151	152	1
153	154	3
155	156	2
157	149	0
158	159	2
160	161	0
162	163	0
164	165	2
166	167	0
168	169	0
170	171	0
172	173	3
85	174	4
175	176	3
177	178	2
179	180	1
181	182	3
183	184	1
36	185	2
186	187	3
188	189	0
190	191	0
192	193	1
194	195	3
196	197	0
198	199	3
200	201	2
202	203	1
204	205	1
206	207	3
208	209	1
210	211	2
120	212	6
120	213	6
214	215	0
216	217	3
218	219	0
220	221	4
222	223	3
224	225	1
226	227	2
228	229	0
230	231	1
232	233	0
234	235	2
236	237	2
234	238	2
10	239	4
240	241	3
242	243	2
244	245	2
43	246	7
247	18	0
248	249	7
120	250	6
251	252	3
253	254	0
255	256	0
257	258	1
259	260	3
10	261	4
262	263	2
264	265	2
266	267	0
242	268	2
269	270	0
271	272	1
273	274	3
275	276	5
216	277	3
278	279	0
280	281	1
10	282	4
283	284	1
285	286	1
287	288	0
289	290	3
291	292	0
293	294	1
295	296	0
297	298	1
36	299	2
10	300	4
66	301	2
302	303	0
304	305	2
306	92	5
307	308	1
309	310	3
311	312	1
313	92	5
314	315	0
316	302	0
317	318	1
10	319	4
296	320	0
321	322	3
323	169	0
85	324	2
325	326	0
242	327	2
328	329	0
330	331	0
332	97	1
333	334	0
335	336	0
337	338	2
339	340	1
341	342	1
343	344	0
345	346	1
85	347	2
348	349	6
89	350	3
351	352	0
353	354	0
355	356	2
357	358	1
359	360	2
361	362	1
363	364	3
365	366	1
367	368	1
369	370	1
371	372	1
85	373	4
374	375	0
155	376	2
377	378	3
379	380	0
381	382	1
383	384	8
385	386	5
387	388	3
36	389	4
390	391	0
120	392	6
10	393	4
394	395	2
396	397	1
398	399	1
400	401	3
402	403	0
10	404	4
405	406	0
407	408	0
409	88	5
410	411	2
412	413	3
414	415	0
416	417	3
418	419	0
420	421	5
422	423	1
424	425	0
426	427	1
428	429	0
36	430	2
153	431	3
432	433	1
434	435	0
10	436	4
437	438	0
439	440	0
36	441	4
274	372	1
183	442	0
443	368	1
348	444	6
445	446	0
363	447	1
448	390	0
449	450	3
120	451	6
42	246	0
452	453	0
230	454	0
164	455	2
456	457	3
458	459	1
128	460	2
461	462	0
463	464	3
465	466	1
467	468	3
469	465	1
470	471	1
472	473	1
474	249	0
475	476	0
477	478	1
479	480	0
481	482	0
483	484	1
153	485	3
329	486	0
487	488	3
489	490	1
491	492	0
481	493	1
494	495	2
496	52	3
497	423	1
498	499	3
8	500	3
501	502	1
235	503	5
10	504	4
505	272	1
348	506	6
507	508	0
509	510	0
164	511	2
320	512	0
228	513	1
514	515	2
516	517	1
220	518	4
519	520	2
521	522	3
523	205	1
524	525	5
526	527	3
528	529	3
530	531	2
10	532	4
533	534	0
535	536	2
164	537	4
314	538	0
539	540	0
541	542	3
543	544	0
545	546	3
547	548	0
549	550	5
551	552	1
553	554	0
348	555	6
556	557	3
558	559	2
66	560	2
561	562	1
563	564	1
565	566	3
567	568	1
569	570	1
384	571	0
572	573	7
120	574	6
575	576	0
577	578	3
579	580	1
581	582	0
583	454	0
312	584	2
585	586	0
587	588	1
589	590	3
591	592	1
593	594	0
403	402	0
595	596	3
597	53	1
348	598	6
599	600	1
601	602	1
603	308	1
215	330	0
604	29	0
605	606	1
607	608	3
609	610	3
70	611	3
115	612	0
613	614	0
4	615	2
616	617	0
618	619	0
10	620	4
621	622	1
623	624	2
625	626	0
627	628	2
629	630	3
303	302	0
631	632	3
633	634	0
635	636	2
637	638	3
639	640	1
36	641	4
642	386	5
643	644	1
10	645	4
646	647	3
648	649	1
180	650	1
651	281	1
652	653	0
654	346	1
655	656	3
657	658	1
659	660	1
191	190	0
177	661	2
662	284	1
26	663	2
664	665	3
666	667	1
149	157	0
89	668	3
669	670	3
671	672	0
36	673	2
674	675	1
10	676	4
70	677	3
678	679	1
462	461	0
680	681	1
682	683	3
684	685	0
686	687	1
688	689	0
164	690	2
77	76	0
691	692	5
693	694	3
695	696	2
697	698	1
699	700	1
701	702	2
664	703	3
136	704	1
705	706	2
707	708	5
548	709	0
10	710	4
711	712	3
713	714	0
715	716	3
717	718	0
719	720	3
721	722	8
120	723	6
724	725	0
726	727	3
728	729	0
164	730	3
415	414	0
731	20	2
732	733	1
734	386	5
735	736	0
61	737	9
738	622	0
739	740	0
741	742	0
348	743	6
10	744	4
745	746	0
747	704	1
748	97	1
749	750	3
751	752	1
753	754	0
755	756	1
348	757	6
758	759	2
760	761	2
36	762	4
763	764	0
765	22	3
766	767	1
768	769	1
10	770	4
404	771	1
305	772	2
773	137	1
774	775	3
776	777	2
771	778	1
779	692	5
780	781	2
782	783	0
784	785	3
786	787	0
788	789	1
790	791	3
701	792	2
160	793	0
794	795	0
348	796	6
797	798	1
799	203	0
36	800	4
164	801	2
802	803	0
348	804	6
701	805	2
113	806	5
807	382	1
808	809	1
348	810	6
811	812	1
813	814	0
815	53	1
70	816	3
817	818	0
70	819	3
820	821	0
822	823	1
26	824	4
120	825	6
826	827	3
177	828	2
829	830	5
831	49	5
832	833	0
834	835	3
836	837	1
838	839	9
10	840	6
410	841	3
842	843	0
844	483	3
845	846	1
847	848	0
849	850	0
26	851	2
852	815	1
480	390	0
89	853	3
854	270	0
664	855	3
856	857	0
858	859	2
860	296	0
861	297	3
862	863	5
864	833	0
865	866	1
867	419	0
89	868	3
869	870	0
586	585	0
871	522	1
872	845	1
133	205	1
873	88	5
153	874	3
348	875	6
876	308	1
695	877	2
878	879	1
725	880	2
881	882	0
120	883	6
89	884	3
36	885	4
886	887	0
888	889	0
890	891	9
682	521	3
244	892	2
89	893	3
894	503	1
36	895	4
236	896	2
897	898	1
10	899	4
900	679	1
901	902	1
88	903	2
904	905	3
906	907	2
882	908	4
909	910	1
911	326	0
912	421	5
913	376	2
689	688	0
914	915	0
916	917	3
918	919	0
920	921	0
922	409	2
923	924	0
921	920	0
925	926	1
927	928	0
929	857	0
70	930	3
4	707	2
120	931	6
932	933	2
934	935	2
936	937	0
609	705	3
938	939	3
940	588	1
941	942	2
943	944	0
945	946	2
947	948	1
79	949	0
950	42	1
348	951	6
952	953	0
66	954	5
435	434	9
955	956	3
256	255	0
957	958	0
959	960	3
961	962	2
463	963	3
198	964	3
215	406	0
348	965	6
966	967	3
968	969	3
970	971	1
972	298	1
669	973	3
974	975	1
348	976	6
977	978	3
979	980	1
487	981	3
982	643	0
983	765	3
984	985	3
986	987	5
155	988	2
10	989	4
990	991	3
348	992	6
993	994	3
985	346	1
995	996	0
997	998	5
999	1000	0
1001	1002	0
860	1003	1
1004	1005	3
70	1006	3
10	1007	4
108	1008	2
847	1009	0
1010	1011	2
1012	1013	0
1014	1015	3
1016	1017	1
612	115	0
1018	660	1
1019	1020	3
1021	434	1
1022	314	1
1023	183	0
413	1024	1
541	556	3
1025	551	1
1026	1027	3
1028	503	5
574	1029	1
1030	1031	0
1032	1033	0
1034	1035	2
1036	1037	3
1038	1039	1
120	1040	6
1041	1042	0
1043	1044	2
1045	660	1
1046	1047	1
1048	767	1
1049	1050	1
1051	1052	0
1053	1054	3
911	1055	0
1056	1057	1
70	1058	3
1059	1060	0
10	1061	4
1062	382	1
1063	1064	3
2	1065	0
26	1066	4
36	1067	2
10	1068	6
1069	1039	5
1070	1071	3
1072	1073	3
1074	1075	1
104	103	0
246	42	0
1076	1077	3
542	1078	3
68	306	4
1079	281	1
1080	1081	0
1082	1083	1
1084	1085	0
1086	1087	2
10	1088	4
348	1089	6
1090	1091	0
1092	1093	2
1094	1095	3
1096	1097	3
589	1098	3
1099	1100	0
1101	1102	1
512	1103	0
236	1104	2
1105	1106	0
596	1107	1
1108	1109	2
1110	975	1
1111	1112	1
352	1113	0
1114	1115	0
1116	1117	3
10	1118	4
1116	1119	3
1120	579	2
89	1121	3
1122	1123	1
1124	1125	3
1126	1127	3
26	45	2
1128	767	1
1129	1130	2
1131	1132	1
36	1133	4
883	1134	9
206	679	1
882	1135	4
1136	1137	1
1138	1139	1
915	914	0
1140	1141	3
183	544	0
1142	421	5
1143	553	0
220	1144	2
990	134	3
10	1145	4
1146	1147	3
1148	1149	1
1150	1151	1
348	1152	6
10	1153	4
1052	1154	1
1155	1024	1
1156	881	0
292	291	0
277	1157	3
1158	92	5
1159	346	1
85	1160	2
1161	1162	9
1163	1164	2
1165	1166	3
1167	1168	3
4	1169	2
1170	1171	0
380	379	0
1172	1173	5
1174	1175	3
600	1176	2
938	1177	3
1178	1179	0
1180	1181	3
1182	88	5
10	1183	4
1184	553	0
1185	1186	1
1187	1188	1
26	1189	4
1190	1191	1
1192	922	2
125	550	5
70	1193	3
36	1194	2
1195	1196	3
508	1197	0
1198	397	0
1199	1200	0
112	1201	1
1202	1203	2
1194	156	2
1204	1205	1
304	234	2
10	1206	4
1207	1208	0
1209	1210	3
1067	1211	5
1212	1213	0
10	1214	4
10	1215	4
1216	1217	1
533	170	0
1218	861	3
1174	1219	3
1220	1221	1
85	1222	4
1223	588	1
85	1224	2
89	1225	3
348	1226	6
1227	1228	3
10	1229	4
1230	1231	3
410	1232	2
348	1048	6
1233	1234	4
1235	1236	3
1237	1238	0
198	1239	3
1240	1148	8
1241	1242	3
242	1243	2
85	1244	2
252	1245	3
311	1246	2
1247	1248	1
1249	1250	1
110	109	0
348	1251	6
1252	1253	2
718	586	0
1254	1255	0
1256	1257	1
218	64	0
1258	1259	3
1260	1261	1
1262	241	1
913	1263	2
348	1264	6
1265	1266	2
1267	1268	0
1269	1270	0
1271	2	2
1033	1032	0
1272	1273	0
10	1274	4
1275	1276	5
558	1277	2
1278	1279	2
232	1280	1
85	1281	2
1050	290	1
1282	477	1
1283	717	0
756	1284	1
301	276	5
1285	28	0
1286	1287	1
1282	1288	0
508	1289	7
10	1290	4
1014	1291	3
1292	205	1
220	1293	2
348	1294	6
577	1295	3
1296	658	1
1297	289	3
589	1298	3
609	220	3
958	957	0
167	166	0
1299	1276	5
1300	1301	0
1302	1303	3
10	1304	4
1305	1306	1
796	767	1
244	1307	2
514	1308	2
626	1031	0
1309	1080	1
1310	1311	0
945	420	2
1312	1313	1
1314	1276	5
1315	1316	0
1317	346	1
1012	65	1
85	1318	2
609	1202	3
164	1319	2
348	1320	6
1321	297	1
1322	1323	0
1324	1325	1
1201	1326	2
1327	1328	1
158	1329	2
519	1330	4
164	1331	2
1332	1333	2
397	1198	0
1334	1335	0
1099	1336	0
10	1337	4
120	1286	6
1116	1338	3
453	1339	0
577	1340	3
1341	386	5
1342	1343	2
10	1085	4
1344	1345	2
1261	1346	8
66	1347	2
1348	386	5
1346	1261	8
482	481	0
1349	1350	1
1351	602	1
1352	1353	5
1156	1354	1
1355	1356	1
1357	1358	1
1359	1360	1
1361	1362	1
1363	1364	3
1365	1366	2
1367	1368	0
234	1369	2
1370	386	5
289	1371	3
1019	1372	3
1373	648	1
1374	767	1
1375	1376	0
758	1377	2
1323	1378	1
1379	346	1
10	1380	4
453	452	0
1381	1382	0
720	1383	3
1241	1384	3
1385	1386	0
1060	1059	0
10	598	6
1387	1388	1
348	1389	6
1109	1039	5
1390	629	3
244	1391	2
1392	1393	1
960	1394	3
1395	1396	2
1052	1397	7
1398	767	1
1394	1399	3
1400	1401	1
941	892	2
1402	1403	0
410	862	4
1404	1405	3
1406	391	0
1407	1408	1
1092	1250	1
401	1409	1
1233	303	2
1410	1411	0
1412	1413	3
1414	1415	0
1416	1417	1
1418	92	5
10	365	4
1419	1420	0
1421	1422	5
348	1423	6
1424	697	0
66	1425	2
1426	40	1
701	1427	2
1428	1429	1
621	753	0
410	1430	4
1431	1402	5
1432	447	1
10	1216	4
1433	1434	1
10	224	4
1435	1436	3
1315	1437	0
746	1438	1
334	1439	0
1440	1441	3
801	1442	2
1443	1444	3
1445	1446	1
1447	1448	3
1449	53	1
16	1450	0
1451	1452	3
348	1453	6
1454	1455	0
1456	1457	2
4	1458	2
633	509	0
629	1459	3
279	278	0
10	1460	4
120	1461	6
203	1462	0
1463	1464	3
1465	1466	0
1467	1468	2
1469	1470	0
960	1471	3
1472	1473	0
1474	1475	2
348	1476	6
1477	1478	0
1479	1480	2
1481	1482	2
1483	1484	0
1485	1486	3
348	1487	6
544	183	0
1488	218	0
10	1489	4
1490	1491	3
405	1492	0
348	1493	6
519	1494	4
1495	1496	1
10	1497	4
1498	168	0
70	1499	3
1500	1501	0
1386	1502	7
1503	1504	3
26	1505	2
1250	1506	1
1507	1508	1
1509	1510	3
1511	1512	3
1513	1514	5
1515	1516	8
1517	1518	0
348	1519	6
1520	588	1
1521	1522	0
1020	1523	3
36	1524	4
1525	1526	0
10	1527	4
1528	1529	1
1530	1531	1
1532	1092	3
348	1533	6
616	582	0
59	1534	1
1535	1536	3
1126	1537	3
725	1538	2
1539	1540	2
731	1541	2
1462	799	1
1542	1543	2
1544	1545	1
1455	1546	0
1547	1548	3
1549	1550	0
927	1551	0
1552	508	0
1553	1554	3
1555	1334	1
1556	1557	0
1558	1559	1
242	1560	2
1561	1562	1
1563	799	1
1564	1565	0
10	1566	4
1540	1567	2
1568	1569	3
1258	1570	3
1571	1572	3
1573	463	3
1574	1575	3
120	1576	6
558	1577	2
242	1578	4
480	160	0
1579	1580	1
26	1581	2
1582	312	2
961	1583	2
1584	1585	5
783	1186	0
1586	679	1
339	1587	3
410	1588	2
1589	728	3
1590	1591	3
1592	1593	3
1269	1260	0
1233	1594	4
10	1595	4
1596	1123	1
1597	588	1
1598	335	0
626	1599	1
1600	415	0
858	1601	2
1094	1602	3
1550	1549	0
726	1603	3
1604	1605	1
1363	660	1
752	1606	0
594	1607	0
1608	1609	1
512	1610	0
390	448	0
1611	1612	5
348	1613	6
1179	1614	1
1615	1616	0
1617	1618	1
1619	1620	0
725	1621	2
945	1622	2
1623	423	1
348	1624	6
348	1625	6
1626	428	0
10	469	4
1627	1628	5
1126	1629	3
1630	1123	1
36	558	2
1631	346	1
1632	1633	3
1634	1635	0
155	1636	2
1469	1637	0
1638	88	5
1639	1640	3
1641	1642	2
1643	1644	1
1645	1646	2
803	1647	0
789	1648	1
635	1649	2
10	811	4
1650	1651	0
1652	308	0
1535	1653	3
1654	1655	1
264	1656	2
262	549	2
120	1657	6
437	1658	0
904	1659	3
10	524	4
1072	1660	3
415	1600	0
1020	1661	3
1662	1663	0
155	1664	2
1665	1282	1
155	1666	2
1667	426	1
857	1668	0
10	1669	4
1670	1671	0
10	1672	4
1673	1674	3
1675	1676	1
1677	205	1
1678	1679	0
1680	1681	0
1015	1682	3
336	1598	0
36	1683	2
803	802	0
1684	1685	1
85	1686	4
10	1687	4
89	1688	3
1689	1690	0
1691	1692	2
1218	631	3
440	439	0
1207	1693	0
26	1189	2
1694	1695	0
1696	1697	3
1698	1699	0
1700	72	3
826	1568	3
581	1701	0
758	1702	2
1013	547	0
10	1703	4
1704	346	1
262	1705	2
1706	1463	3
391	1707	0
1708	1429	0
36	1540	2
1709	1710	0
10	1711	4
814	1712	0
402	1713	0
1714	1715	0
348	1716	6
1717	265	2
1718	1719	1
1720	1721	0
1722	841	1
1723	1724	2
1725	679	1
70	1726	3
1727	1728	0
1729	1730	3
1731	1719	1
348	1732	6
1257	419	0
1733	1734	1
1637	1735	0
1736	1737	0
1738	1013	1
164	1739	4
36	945	2
1740	1741	3
1696	1742	3
326	911	0
1743	421	5
1744	1745	0
1717	1746	2
1554	73	1
1747	1748	3
1749	1750	7
1751	1752	0
1258	1753	3
289	1754	3
1369	88	5
1395	1755	2
1756	1757	3
1758	1759	1
155	1760	2
1761	1762	3
1763	1609	1
476	475	0
240	1764	3
4	942	2
1072	1765	3
1137	1047	1
1766	1767	1
10	1768	4
1769	1770	1
1771	1170	0
858	1772	2
449	1773	3
1557	1556	0
1625	97	1
1774	1775	1
1776	1777	0
36	244	2
942	503	5
1116	644	3
486	329	0
1233	1778	2
10	1779	4
904	449	3
1780	1781	1
10	1782	4
1783	1784	3
486	1785	0
130	1131	1
1786	1787	3
10	1788	4
1019	1789	3
1790	898	1
1791	1792	1
1793	1794	1
1648	1795	1
1796	1797	3
1798	1799	0
1800	1801	3
1472	1802	1
1803	1804	3
4	1805	2
1806	662	3
1807	1808	0
1809	346	1
36	623	2
1810	1811	1
1812	902	1
1276	1813	2
1202	1814	4
53	1815	1
961	1816	2
75	1817	0
1818	1819	0
1820	1821	0
244	1822	2
604	1823	0
1824	1825	1
1826	1827	0
10	1828	4
1829	910	3
36	1830	4
1831	1832	0
1833	1834	2
1835	1836	3
377	1837	3
1691	1838	2
348	1839	6
38	1840	0
36	1841	4
220	1842	2
264	1843	2
1844	1845	0
1776	1846	2
1847	1848	3
10	1849	4
220	1850	2
1833	1851	1
589	1852	3
66	1853	2
1854	821	0
1492	405	0
732	1855	0
882	1856	4
1773	450	1
10	1857	4
120	1858	6
10	1859	4
1100	1860	0
1861	1862	3
1863	432	1
1267	1864	0
177	1865	2
966	1866	3
120	1867	6
1589	686	3
1439	215	0
220	1868	2
429	428	0
1239	790	3
1869	1870	2
1086	1871	1
713	1872	0
1873	1874	0
1875	764	0
236	1876	2
1877	1878	3
287	1001	1
1879	1880	1
26	1881	4
1882	1883	1
1884	1885	1
348	1398	6
1829	909	3
1886	1887	5
1888	1889	2
1426	1051	0
1890	1891	2
1892	660	1
1893	150	0
70	1894	3
1895	1896	0
1438	1720	0
1658	437	0
586	1619	0
943	1651	0
526	1897	3
1547	1898	3
857	856	0
780	421	5
1899	1900	3
821	533	0
720	1573	3
961	734	2
822	1901	0
1063	1902	2
66	1903	4
701	409	2
48	1904	0
1905	920	0
1699	1698	0
1906	1907	0
1908	1909	1
288	287	0
1910	1911	0
1264	1912	1
1913	92	5
1914	1915	2
1916	1041	0
394	1917	2
1918	1919	0
1920	1921	3
10	800	4
1922	1521	0
362	1923	1
1924	6	3
1157	346	1
665	1925	3
1078	1926	3
287	1559	0
348	516	6
1412	1927	3
1388	627	0
10	1928	4
1929	593	0
10	1930	4
348	1931	6
961	1932	2
120	1933	6
1934	1032	0
10	1935	4
1756	1936	3
1937	1938	3
264	1939	2
1940	1721	0
1576	1941	1
1942	1943	1
10	1944	4
1260	1269	0
348	1945	6
1946	0	0
405	1947	0
1948	1949	3
185	1950	2
26	1951	5
1952	1953	1
36	1954	2
1955	1956	0
1957	1422	5
1958	1959	0
10	1960	4
1961	1709	0
670	973	1
1962	1250	0
1241	1706	3
41	40	0
36	1963	4
1964	1965	0
70	1966	3
10	1967	4
802	1968	0
1126	1969	3
1970	1971	1
1972	1973	1
1974	1975	2
10	1976	4
1833	1977	2
1978	1979	0
1980	1981	1
1982	78	1
1983	1984	0
120	1287	6
609	124	3
343	1985	1
242	1986	4
1987	1387	1
1785	1610	1
348	1731	6
1902	503	5
1641	1988	2
750	1989	3
1984	144	1
1990	346	1
760	1991	0
1057	1992	1
348	1993	6
1994	1995	3
120	1996	6
1997	1334	0
1120	1998	2
1717	1999	2
2000	679	1
2001	2002	1
2003	2004	2
1456	2005	4
2006	157	1
701	2007	2
1750	1749	7
89	2008	3
726	204	3
2009	871	3
348	2010	6
2011	2012	3
2013	2014	3
177	2015	2
1181	2016	1
701	2017	2
135	2018	3
669	2019	3
415	2020	0
2021	281	1
10	2022	4
2023	2024	3
2025	1675	3
2026	421	5
1752	2027	0
1117	2028	3
220	2029	2
2030	2031	5
821	285	0
2032	2033	0
2034	2035	1
96	2036	3
2037	957	0
270	2038	0
2039	2040	1
2041	2042	0
1568	2043	3
781	205	1
2044	1255	0
2045	2046	0
234	2047	2
1501	689	0
89	2048	3
695	2049	2
1802	2050	0
2051	2052	3
348	2053	6
2054	2055	1
70	2056	3
348	1982	6
2057	1631	3
938	2058	3
1759	2059	1
1582	721	0
1706	784	3
2060	918	0
2061	2062	0
2063	2064	0
2065	2066	3
10	2067	4
675	2068	2
870	2069	0
2070	2071	3
635	2072	2
2073	1562	1
861	1321	3
2074	2075	1
737	281	3
1540	2076	2
2077	2078	0
1890	2079	0
2080	2081	0
2082	1188	3
1910	1309	0
1380	1888	1
2083	2084	3
10	2085	4
1401	14	0
1233	2086	4
709	548	0
2087	2088	0
2089	2090	5
2091	2092	1
1848	1321	1
1276	2093	0
1883	2094	1
906	1932	2
94	93	0
2095	979	3
437	2096	0
2097	2098	3
329	328	0
2099	2100	3
2101	92	5
2102	2103	3
20	2104	2
95	2105	3
2106	2107	0
2108	2109	1
961	2030	2
89	2110	3
18	2111	0
348	2074	6
2112	736	0
1508	2113	0
1047	606	1
2114	2115	1
764	970	0
2116	75	0
348	2117	6
488	2118	1
120	2119	6
1455	1454	0
2120	2121	2
990	2122	3
262	2123	2
2124	2125	2
10	2126	4
1474	2127	2
10	2128	4
1376	2129	0
2130	148	0
701	2131	2
1547	2132	3
2133	1699	0
10	2134	4
10	107	4
312	2135	2
541	172	3
694	2136	2
1163	2137	2
348	2138	6
2139	2140	0
2141	1023	1
2142	821	0
2143	2144	1
70	1937	3
10	2145	4
809	2146	0
2147	331	1
220	730	3
1051	1426	0
2148	2149	4
150	1893	0
682	2150	3
2151	2152	1
10	2153	4
290	2154	1
229	1610	0
2155	2156	1
2157	2158	0
2159	1700	3
2160	2161	1
85	2162	2
2163	2164	3
2165	2166	2
2086	2167	9
2168	984	3
2027	1751	0
2169	2170	2
2171	2172	0
1426	1397	7
2173	2174	1
127	1063	0
736	2175	0
2176	815	1
2177	943	0
1344	2178	2
1210	443	3
348	2179	6
2180	1517	1
1954	2181	2
189	2182	0
1297	1696	3
348	2183	6
2184	92	5
10	2185	4
2186	2187	3
754	2188	7
2189	2190	2
143	1024	1
2191	2192	5
348	2193	6
2194	2195	0
120	2196	6
2197	679	1
2198	1667	0
124	2199	2
2200	2201	0
377	2176	3
2202	660	1
511	503	5
2203	1267	0
321	669	3
24	2108	1
29	28	0
2204	2205	3
120	2206	6
2146	809	0
646	2207	3
2208	2209	3
168	1498	0
2210	2211	1
164	2212	4
2213	2214	3
85	2215	2
1817	75	0
2216	2217	1
2218	2219	0
348	2220	6
1031	1030	0
26	2221	2
89	2222	3
2223	2224	0
2225	2226	5
2227	255	0
1279	2228	5
1167	281	1
906	2229	2
2230	346	1
2231	2232	3
26	2233	2
2234	2235	1
547	1013	0
1202	347	2
2236	2237	3
2238	344	0
623	2239	2
2240	1204	1
2241	2020	0
2242	1615	0
1382	2243	1
682	2244	3
2245	2246	5
2247	2248	3
519	1513	2
120	2249	6
2250	2251	0
731	850	0
2252	1709	0
2253	1597	1
2093	1276	0
2254	2255	3
2256	1525	0
1589	1516	3
2257	2258	0
1582	2259	2
1762	346	1
1463	2260	3
819	2261	3
10	2262	4
701	2263	2
2264	2265	1
2266	2267	3
348	2268	6
89	2269	3
2270	838	9
120	2271	6
10	2272	4
348	1780	6
2273	2274	0
1036	2275	3
2276	921	0
2080	2277	1
2278	1173	5
685	684	0
2118	2279	1
2280	2281	2
2282	2283	3
10	974	4
2038	270	0
1471	2284	3
2285	2286	0
307	935	2
1233	2062	2
2165	262	2
2287	2288	1
2289	2226	5
904	400	3
321	2290	3
2291	2292	0
10	2293	4
2294	2295	0
2296	188	1
2078	2297	1
10	2298	4
1706	1745	3
2299	1597	1
12	597	3
348	2300	6
70	1786	3
1474	2301	3
2302	419	1
2303	576	0
2304	685	0
10	2305	4
10	2306	4
519	1090	4
117	2307	0
10	2308	4
2309	2083	3
2310	2311	3
1697	2312	3
348	2313	6
1518	1517	0
10	2314	4
2315	1953	1
454	2316	0
1591	2317	3
2318	736	0
2319	920	0
337	2320	5
384	1240	1
2321	929	0
2322	2323	2
959	2324	3
2325	2326	0
147	2327	0
558	2328	2
821	820	0
2329	968	3
1323	1322	0
726	2330	2
2331	660	1
1033	2332	0
2333	2334	1
736	2112	0
10	2335	4
2336	2337	1
554	2338	1
348	2339	6
2340	2341	0
2342	2343	3
344	2344	1
36	2345	2
2346	987	5
791	2347	1
2303	2348	1
2349	1159	3
348	2350	6
2351	447	1
2352	840	1
508	507	0
2353	897	3
89	2354	3
2355	1249	1
1233	2356	2
10	2357	4
2358	2359	3
348	2360	6
833	425	0
1336	1860	0
2361	588	1
2362	1469	0
36	394	2
1873	1043	0
977	2363	3
955	1297	3
2364	2365	1
2366	2336	0
2367	2368	1
1428	2369	0
250	1082	2
36	2370	4
1712	1439	1
2164	2371	3
2372	2373	0
220	2374	2
330	2375	1
2376	2377	0
2378	2379	8
2380	1276	5
2274	2273	0
832	424	0
2381	2382	0
236	2383	4
2167	1201	1
535	2384	2
36	234	2
2385	2386	3
2387	2388	1
2389	326	0
1547	2390	3
1467	2391	2
913	1638	2
2392	2032	0
364	2393	3
2394	2395	1
2396	2397	3
1691	515	2
558	2398	2
930	2399	3
1671	296	0
2400	2027	0
1678	1980	2
2401	2402	0
2403	2257	7
2404	857	0
659	2405	3
120	2406	6
1794	2407	1
1729	240	3
2408	2409	3
1233	2410	2
2411	1403	0
216	2412	3
1589	2413	3
2414	2415	0
2416	2417	1
743	2418	1
1822	386	5
410	725	2
2419	587	1
10	2420	4
1627	92	5
1218	577	3
1406	2421	0
1258	2422	3
1116	2423	3
1950	2424	2
10	2425	4
10	2426	4
2427	1449	3
2428	2429	1
26	2430	2
2431	2432	3
1354	2433	1
1641	2434	2
582	2435	0
2436	2437	3
2438	2439	3
2440	2441	3
1065	2	0
1832	1831	0
2442	1443	3
959	1994	3
541	1218	3
2443	2444	3
36	2445	4
2056	2446	3
1381	1465	1
1081	1080	0
503	2447	2
2448	2449	3
2450	2451	2
2452	2453	3
2454	2455	3
623	2456	2
217	2457	3
10	2458	4
10	2459	4
164	2460	4
4	2461	2
1958	1708	0
1701	581	0
2462	2463	3
459	606	1
85	2464	2
2465	2466	1
2467	1047	1
196	2468	0
2469	1310	0
826	2470	3
89	2471	3
2472	2473	0
2474	1955	0
36	1404	4
2475	2476	1
2477	675	1
2478	660	1
2479	1270	0
338	2480	3
1148	1240	8
1681	1776	0
2469	2218	0
883	1373	1
2481	2482	3
2105	53	1
1845	2483	0
2484	53	1
10	2485	4
609	85	3
348	591	6
348	2486	6
2487	2488	1
2489	57	0
1955	1521	1
1891	502	1
861	2490	3
1129	892	2
70	2491	3
1864	1267	0
1390	153	3
2492	335	0
2493	386	5
348	2494	6
348	587	6
2495	2496	1
1467	1142	2
672	2497	0
1186	783	0
348	2498	6
1485	2499	3
120	2500	6
945	2501	2
10	2502	4
410	2503	4
1807	1559	0
1948	2504	3
2505	2506	0
2497	2507	0
2508	2509	3
2510	353	1
2511	822	0
1340	298	1
89	2512	3
10	2513	4
10	2514	4
348	2515	6
10	2516	6
10	2517	4
2518	2519	1
425	832	0
2520	587	1
2521	2522	0
216	2523	3
10	2524	2
1118	39	1
1295	2525	3
632	2526	3
461	67	0
234	2527	2
2528	2529	1
70	2436	3
1547	2530	3
393	1039	1
96	660	1
2531	2532	0
2533	2534	1
1131	2383	2
928	927	0
1410	1835	3
403	2366	0
1750	1080	0
2535	2536	2
2537	1190	2
69	1276	5
2079	1819	0
2538	2539	2
2043	2540	3
26	2541	2
348	489	6
669	2542	3
1641	2543	2
1196	2544	1
1950	2545	2
2371	193	1
2546	973	1
177	2547	3
2548	2504	1
2549	2550	2
103	2551	0
120	2552	6
2553	1271	1
2554	2555	3
35	115	0
1105	987	5
2556	1623	3
2557	679	1
210	1543	2
1447	2558	3
1055	911	0
236	2559	2
2560	2561	1
2562	1914	3
2563	675	1
2421	390	0
2564	2553	5
1045	2565	3
2566	346	1
2058	2567	3
2568	2569	1
2570	2571	0
1823	604	0
36	2572	2
2573	92	5
89	2574	3
2575	2576	0
1106	2577	0
2578	88	5
1072	2579	3
1437	1375	0
2580	679	1
2581	679	1
546	589	3
1500	689	0
758	2582	2
1227	2021	3
2583	1662	0
2584	2585	3
2586	2587	3
2588	111	1
36	2535	2
348	2589	6
2590	789	1
2511	323	0
2591	1151	1
2592	2593	1
612	2594	0
428	1626	0
2595	2596	1
149	2597	0
1568	660	3
2598	1140	3
2539	2599	1
2600	809	0
2601	684	1
242	2602	2
2071	290	1
2603	2604	3
36	2605	4
26	2606	4
1127	2607	3
2608	2348	1
726	523	3
2609	2610	3
20	2611	2
264	912	2
198	2347	3
2612	1507	2
216	2613	3
348	2614	6
922	88	5
358	2615	0
10	2616	4
1947	215	0
2617	2548	1
400	2618	1
339	2387	3
2619	2620	1
1661	447	1
241	2621	1
348	2622	6
1019	2623	3
197	612	0
2432	2624	3
236	1407	4
2231	2625	3
2404	2626	1
2627	747	0
2628	2469	1
2629	2321	1
2630	2631	1
1241	1410	3
2632	2633	1
882	2634	2
113	2635	2
861	1847	3
10	2636	4
1447	2427	3
1950	2637	2
10	2638	4
2620	2639	1
2640	2115	1
153	1230	3
437	2641	0
843	2642	0
2507	2497	0
1615	2643	0
617	2644	2
2645	2646	1
2647	2648	3
2507	671	0
814	333	0
2649	382	1
2650	2651	1
333	2652	1
683	2653	3
10	2654	4
1761	1809	3
758	2655	2
348	766	6
1456	2656	2
10	2657	4
2658	2659	1
2660	92	5
2661	2079	1
2662	1912	1
898	1357	1
348	2663	6
1070	2664	3
2284	308	1
1590	1024	3
2604	764	0
1934	2665	0
2666	423	1
10	2667	4
1710	2668	0
1547	2669	3
2670	2671	0
120	2672	6
2673	39	0
1342	2674	2
164	2675	4
2676	660	1
2677	2678	1
10	2679	4
2680	2681	1
36	2682	4
2615	2631	0
2683	2684	3
1126	186	3
10	2685	4
1447	2686	3
2687	2688	1
1968	2689	1
10	2690	4
2691	78	0
303	316	3
14	1401	0
2692	433	1
676	2693	1
216	2057	3
2025	2694	3
2695	2645	0
2696	2599	1
2449	2697	3
631	1107	3
2698	675	1
2699	215	10
348	1718	6
2700	32	0
1651	943	0
124	2701	3
85	2702	4
85	2658	4
521	2009	3
36	872	4
2703	2704	3
10	2705	4
2706	2707	7
2708	508	0
70	2709	3
348	2419	6
33	32	0
1725	2710	3
2448	2711	3
1963	2712	1
2713	503	1
2714	2715	0
2716	2717	1
929	2718	0
4	2719	2
2720	2175	1
10	2721	4
1310	2722	0
2369	1428	0
862	2723	2
2724	2725	2
2726	1401	0
2727	1598	1
2728	308	1
1228	679	1
2366	336	1
120	2729	6
280	2557	3
2730	1551	0
1822	1276	5
1391	894	5
2731	1504	1
2732	2733	1
2734	1387	3
922	87	2
2735	1500	1
2736	346	1
961	2737	2
220	986	2
2738	2739	1
262	2191	2
2740	2437	1
36	906	2
607	2741	3
1593	2742	1
182	308	1
1481	666	4
2304	684	0
10	2743	4
335	2492	0
1040	2744	1
1860	1100	0
2745	2746	3
85	2747	4
1502	2748	7
1134	2749	0
945	2750	2
2751	1907	7
10	2752	4
2753	2754	3
2755	2115	3
164	2756	2
1233	2757	2
736	2758	0
1126	1825	3
246	43	7
2759	2760	7
891	2734	1
1410	2761	3
2762	2763	3
234	1299	2
36	1539	2
517	97	1
177	2764	2
10	2765	4
1590	2766	3
2767	88	5
10	2768	4
1819	2769	0
2758	736	0
1691	2770	2
289	251	3
2771	2772	1
664	2773	3
2774	588	1
2107	2106	0
10	2465	4
120	2775	6
70	2776	3
932	2777	2
2778	2779	1
48	2780	0
10	878	4
2781	1891	2
10	2782	4
2783	2784	5
2785	2786	3
194	2443	3
220	1596	4
85	2787	2
164	2788	2
95	1045	3
2789	2790	3
244	2791	2
348	2792	6
1689	2793	0
2794	2795	0
348	2568	6
2796	2576	0
887	1455	8
1517	817	0
36	1342	2
835	2797	1
2798	382	1
2799	2800	1
1568	1019	3
955	1258	3
2801	2714	0
2802	2803	0
47	2612	1
2804	708	5
2805	1707	1
2806	2336	0
747	2139	0
2807	2808	1
2809	297	1
2810	1501	0
2811	2321	0
342	2812	0
1838	88	5
705	2813	4
10	1111	4
342	2814	0
10	2815	6
348	2816	6
1448	2817	3
2818	2819	3
2820	2821	3
568	1267	0
1703	2619	1
953	952	0
2822	2226	5
1818	2823	1
2824	1393	1
2825	2826	1
742	2598	3
444	2827	1
2753	2828	3
348	1604	6
622	2829	0
348	332	6
1116	2830	3
2562	2160	3
2831	833	0
1063	2832	2
348	2520	6
638	195	1
348	2833	6
2195	2194	0
1725	2834	3
2531	184	1
2835	92	5
85	1158	4
1179	1178	0
2836	2837	3
1113	352	0
2838	2839	1
1274	1767	1
2081	2080	0
36	355	2
1712	814	0
2840	2841	3
2218	2722	0
10	1021	4
1194	2842	2
1903	92	5
166	925	0
2597	149	0
10	2843	4
2844	2845	0
10	2846	4
2188	1643	0
2233	987	5
1032	1934	0
2847	2848	3
10	2849	4
2324	2850	3
2057	2851	3
1584	2852	4
348	2853	6
2854	2855	1
124	2856	2
1800	2857	3
348	2858	6
2859	2860	0
2861	2862	3
1734	2863	1
2864	1803	3
2865	2866	0
2867	2868	0
2869	2784	5
1508	1272	0
244	2461	2
2870	2666	3
721	1582	0
2871	2872	3
322	2873	3
1775	32	0
10	2668	4
1116	2874	3
720	2875	1
309	2876	3
2877	308	1
2342	1608	3
164	2878	4
229	228	0
348	2879	6
701	2880	4
724	841	1
1242	2881	3
2440	2882	3
410	2883	4
2589	2569	1
2594	196	0
1909	2340	1
2884	2885	3
330	1439	0
2886	2580	3
296	1671	0
348	2887	6
2888	2640	3
2889	2890	3
15	14	0
1582	2891	2
2892	2893	2
10	2894	4
122	2895	3
148	2130	0
2389	1964	0
1568	1209	3
449	2618	1
1467	2896	2
2139	2897	0
628	2898	1
70	2266	3
722	2899	0
177	2900	4
2901	2090	5
2902	256	0
2903	2904	0
308	1652	0
10	2905	4
2686	2906	3
19	18	0
1717	2907	2
2908	2784	5
2516	2909	1
2910	2639	1
2060	1544	1
558	2911	2
120	2912	6
1194	2913	2
2260	2914	3
36	2915	4
725	2916	2
2917	1530	3
2918	1479	3
1994	1920	3
2919	1678	0
671	2507	0
1501	2810	0
92	1885	1
2643	1615	0
2920	2921	0
2922	2701	0
349	1719	1
2923	1196	1
435	434	0
419	2924	7
2097	530	3
348	2925	6
2926	2523	1
1894	2927	3
2928	2929	1
2930	162	1
321	1547	3
236	932	2
2931	2932	3
36	2933	4
1481	2934	2
10	2125	4
2935	2936	0
609	1584	3
10	525	4
2937	290	1
2359	2938	3
2665	1201	1
2766	2939	3
206	1036	3
2940	2941	1
2942	2943	1
2944	139	0
2945	1353	5
1169	2946	5
89	2647	3
2947	934	3
2948	2949	1
28	1285	0
303	2950	2
1556	2951	0
10	1793	4
1009	847	0
175	2952	3
2953	2680	6
2954	2955	3
842	1381	0
1645	88	5
249	474	0
519	987	5
2956	2957	0
303	2958	3
1966	2959	3
1523	1892	3
2960	2596	0
36	726	4
262	2961	2
922	1369	2
1486	2962	3
348	2963	6
2409	2964	3
10	2965	4
2966	1682	1
1474	2967	2
1041	1916	0
2968	2969	0
17	16	0
2970	674	3
169	168	0
323	1498	0
20	2971	2
534	2972	7
2973	2974	3
623	2907	2
1365	987	5
2710	346	1
1194	515	2
164	2015	2
10	2975	4
1546	1455	0
2976	2977	3
2978	10	0
1477	2979	2
2980	2418	1
62	528	3
1242	2981	3
2758	735	1
419	1256	0
234	696	2
164	2982	4
2983	2258	1
623	1999	2
2292	2291	0
139	138	0
2984	2118	1
10	2985	4
1876	2986	2
2987	1395	0
2988	2989	3
609	2577	3
1474	313	4
2427	1018	3
20	2990	2
2991	1528	1
2992	162	5
2993	2994	0
2995	1276	5
2706	2996	0
2997	2998	1
1691	2791	2
2309	2999	3
1030	713	8
3000	833	0
2645	2695	0
2939	1024	1
3001	2216	1
1192	3002	2
3003	3004	0
1641	409	2
10	2006	4
348	940	6
1889	3005	1
10	2234	4
3006	2881	1
113	3007	2
3008	3009	5
3010	3011	3
3012	272	1
1019	1447	3
2311	2711	1
925	167	0
1717	1583	2
160	480	0
731	3013	2
185	3014	2
1729	2097	3
1241	1014	3
1042	1041	0
322	3015	3
3016	2195	1
322	3017	3
758	3018	2
2641	99	1
2915	3019	1
2951	2594	1
2198	1009	0
3020	3021	3
2452	1180	3
3022	3023	0
85	3024	2
2257	2403	7
1334	927	1
415	3025	0
419	41	0
3026	146	2
2845	2844	0
3027	428	0
220	3028	2
26	3029	2
3030	3031	3
3032	346	1
1954	3033	2
2280	3034	2
10	3035	4
220	3036	2
36	304	2
3037	1714	2
2123	421	5
534	533	0
814	813	0
1482	155	2
2308	1446	1
1241	194	3
3038	1047	1
3039	3040	3
402	428	0
2342	1877	3
3041	2157	0
3042	426	1
348	3043	6
1707	391	0
3044	3045	8
2240	1955	0
1877	3046	3
1610	512	0
1252	3047	2
3048	3009	5
3049	1395	1
4	3050	2
2021	3051	3
10	3052	4
2047	421	5
3053	346	1
3054	1909	0
3055	496	3
3056	421	5
153	3057	3
219	65	1
120	3058	6
186	3059	3
2088	1149	1
36	701	2
3060	3061	3
3062	3063	3
78	2691	0
2131	3064	5
10	3065	4
3066	1620	0
4	3067	2
3068	3069	0
1010	3070	2
1474	3071	2
3011	346	1
1108	3072	2
139	2944	0
3073	2711	1
2400	3074	9
220	3075	3
1190	3076	2
3077	833	0
43	42	0
1653	3078	3
1455	887	8
1860	1099	8
2482	798	3
757	1883	1
3079	2839	1
2083	2954	3
1741	679	1
1010	3080	2
3081	2532	1
3082	1912	1
10	3083	4
2862	3084	3
526	2875	1
701	3085	2
931	392	1
3086	3005	1
1043	1873	0
236	3087	2
215	1439	0
3088	248	0
1026	3089	3
984	679	1
2157	3041	0
120	3037	6
89	3090	3
4	3091	2
70	749	3
3092	2462	3
3093	346	1
3094	2857	1
2902	3095	0
1394	603	3
3014	946	2
120	3096	6
3097	3098	0
296	860	0
3099	571	0
348	1361	6
1956	1955	0
3100	3101	3
955	3102	3
2060	614	0
1070	1589	3
63	2152	3
390	1465	0
236	3103	2
1233	3104	2
607	3105	3
697	1424	0
518	92	5
3106	195	1
10	3107	4
79	3108	0
315	314	0
26	3109	2
10	3110	4
3111	3112	0
2814	342	0
3113	2513	1
3114	2784	5
437	1598	1
3115	3116	1
1297	1729	3
2840	3117	3
1474	954	5
540	539	0
535	3118	2
3119	3120	1
147	146	0
3121	3122	3
3123	3124	1
394	3125	2
2157	3126	0
1342	3127	2
3128	3129	0
1571	3130	3
123	2054	1
36	3131	2
698	3132	0
3025	2241	0
120	2860	6
1714	1956	1
2535	3133	2
1610	229	0
3134	3135	0
3136	2500	1
3137	3138	1
1415	3139	0
736	735	0
2687	1114	0
3140	3141	1
1241	959	3
3142	2735	1
3143	2904	0
3144	3145	3
3146	3147	3
1880	53	1
390	3148	2
169	379	1
2322	1173	5
1485	2095	3
3149	3150	0
3151	3152	1
776	3153	2
1420	1419	0
1297	2329	3
1984	3154	0
1297	70	3
617	3155	2
391	390	0
818	817	0
3055	447	1
253	508	0
113	2069	4
3156	35	8
3157	2094	1
2982	137	1
1655	308	1
70	2740	3
220	3158	2
695	3159	2
2064	2063	0
1160	503	5
348	2825	6
3160	943	0
2329	3161	3
10	1766	4
348	3162	6
2882	3093	3
3163	97	1
410	3164	2
3165	3166	2
2219	2218	0
570	593	1
1539	264	2
810	3167	1
3168	88	5
2803	2802	0
85	3169	2
220	3170	4
1621	162	5
913	3171	2
967	1880	1
120	1134	6
70	655	3
36	3172	4
1481	2166	2
558	3173	2
519	3174	2
225	3175	1
10	3176	4
262	3177	2
3178	3179	1
1538	2217	5
70	3180	3
302	1275	0
2587	675	1
10	2287	4
2629	3181	0
36	3182	4
1481	2148	2
3183	3184	1
1470	1735	0
1003	3185	0
3186	92	5
3187	1806	3
1708	3188	0
3189	580	1
322	3190	3
1197	3191	2
185	1344	2
10	3192	4
1620	3066	0
3088	3193	0
2761	2118	3
1241	682	3
2043	955	3
3015	3194	3
3195	3196	1
3197	249	7
3198	3199	1
1384	3200	3
2524	3201	4
155	3202	2
1455	3203	0
10	3204	4
1482	355	2
89	3205	3
672	671	0
2172	2171	0
3206	3167	1
1378	18	0
1568	990	3
2715	2801	1
3207	3208	3
2024	3209	3
1447	2213	3
1309	1910	0
1565	454	0
3210	660	1
1718	1605	1
1919	3211	0
3212	3213	2
1888	3214	2
1234	3215	1
1761	679	1
2382	2381	0
10	2367	4
1840	3216	1
576	2303	0
348	3217	6
2442	3218	3
2996	2706	0
164	3219	2
1005	2538	1
3220	3221	1
1412	3222	3
631	3030	3
49	3223	1
3132	3224	0
571	384	0
3225	423	1
558	3226	2
10	3227	4
3228	2689	0
1270	2479	0
10	3229	4
26	3230	4
1020	1432	3
3231	3232	0
57	2489	0
513	3233	0
3234	3235	3
3236	3237	0
653	652	0
187	1824	1
3238	3239	3
1678	3240	0
3241	2157	0
3242	3243	2
154	2716	3
153	3244	3
220	3245	2
2659	2394	2
2816	1023	1
3246	1918	9
2751	1556	10
1658	2366	1
348	3247	6
3248	3249	5
750	1617	3
3250	1433	0
1126	3251	3
1837	815	1
904	3252	1
1390	3253	3
1171	1170	0
406	405	0
1559	287	0
783	452	0
10	3254	4
175	3255	3
1268	2203	2
329	3256	0
3224	1869	1
2506	2505	0
36	961	2
428	2366	0
341	3257	0
780	3258	4
3259	3260	3
217	679	1
3261	3262	1
3263	774	3
10	3264	4
2042	2041	0
669	3265	3
3266	3267	1
1756	1648	3
10	3268	4
2077	3269	0
36	3270	4
1641	3271	2
3272	3273	1
10	3274	4
410	3275	2
1526	1525	0
880	3276	5
1954	1456	2
2766	1155	3
2555	143	1
26	3277	2
2957	1082	0
714	3278	1
3279	3280	0
582	3281	2
2403	2983	0
1252	3282	2
3283	3284	1
1460	3285	1
589	346	1
861	3286	3
1406	1465	0
425	833	0
2965	3287	1
1568	3288	3
2397	346	1
3289	3049	3
726	3290	1
2924	3291	1
576	575	0
10	1074	4
3292	2055	1
3293	423	1
1643	2188	0
337	537	4
1467	3294	2
2147	330	0
3039	3295	3
1136	98	1
2020	415	0
1429	1958	8
1861	3296	1
784	3297	3
1481	701	2
236	3298	2
10	373	4
3156	115	0
664	3299	3
617	3300	2
3301	2347	1
3302	3303	3
2558	3210	3
180	3304	0
3305	1413	1
1225	3306	3
3139	1414	0
36	1192	2
731	1979	2
2481	1532	3
319	3307	1
1770	3308	1
719	2875	1
2365	2037	1
2167	1934	0
3309	1047	1
1063	3310	4
990	3311	3
1547	3312	3
3313	3314	0
89	3315	3
3316	3317	1
725	3318	2
3319	3320	0
1484	1483	0
10	3321	4
3322	3323	3
244	3324	2
3325	3326	3
1474	3327	2
1265	2026	2
337	3328	3
179	2171	0
820	3329	1
89	2870	3
1255	1254	0
4	3330	2
1141	3331	1
36	1129	2
1227	83	3
89	1026	3
516	2827	1
3332	580	1
3174	3333	5
10	3334	4
3335	297	1
2186	3336	3
242	3337	3
2760	2795	0
10	3338	4
236	3339	2
1441	3331	1
1409	3340	1
1706	3341	3
457	3006	1
585	3342	0
2577	1106	0
3343	1480	0
89	3344	3
510	509	0
3345	3346	3
3347	386	5
2227	2902	0
120	208	6
1580	56	0
535	334	5
1439	334	0
3348	3349	0
3350	346	1
384	383	8
36	2148	2
2760	2759	7
3351	3352	3
220	706	2
1338	1086	3
1177	3353	3
3354	1178	0
1126	3355	3
10	3356	4
2536	4	2
582	1701	2
3357	1970	9
479	3358	1
1046	98	1
3359	1123	1
3009	3360	1
2681	3361	1
1197	508	0
3362	1553	3
3363	205	1
1252	3364	2
120	1728	6
2709	3365	3
3366	1770	1
818	1518	0
3367	98	1
3368	612	0
1234	2201	0
1010	1776	2
421	3369	1
10	1561	4
2600	2044	0
3207	3317	3
10	1722	4
3370	3242	1
1025	2615	0
2922	124	0
2861	3371	3
3372	807	3
10	3373	4
2390	3374	3
619	3375	1
955	198	3
2483	3376	2
66	461	0
2839	3377	2
3378	1276	5
4	3379	2
2755	3380	3
3201	92	5
36	4	2
3381	3098	0
1447	2351	3
3382	2042	0
2249	3249	1
1410	3383	3
3384	3215	1
1721	1720	0
3385	3386	1
66	3387	2
1925	3388	1
3389	2678	1
2499	3390	3
960	3391	3
913	2945	2
1381	842	0
164	3392	4
1931	3393	1
3069	3068	0
3392	141	5
3394	1785	0
3383	3395	1
419	418	0
124	3396	2
584	3397	1
394	3398	2
3399	3400	1
36	3401	4
861	3402	3
3403	1534	1
34	612	0
1344	3404	2
2866	3405	0
3406	284	1
163	162	0
3407	2519	1
669	3408	3
3409	622	1
2066	2154	1
3346	3316	1
1803	281	1
3410	97	1
234	3411	2
3412	3413	1
236	933	2
1490	972	3
155	2945	2
2712	3414	1
3415	3416	0
26	3417	4
3418	1657	1
3419	1357	1
26	3420	4
2537	1191	1
10	3421	4
2134	3176	1
3108	2594	1
348	3422	6
3423	2703	3
713	1030	8
3424	94	0
726	1810	3
2781	2079	0
2150	3425	3
3426	3427	3
3428	471	1
1372	660	1
3385	1970	9
3429	2157	0
913	245	2
1448	447	1
3285	482	0
18	247	0
3430	2497	1
10	3431	4
75	74	0
10	3432	4
806	505	0
3433	2347	1
277	679	1
10	3434	4
1830	1151	1
3435	2063	0
2501	88	5
89	3436	3
1233	3437	2
1799	1798	0
1827	3438	1
348	3439	6
993	3440	3
3441	675	1
2392	924	0
3442	2334	1
669	3443	3
2397	3444	3
3445	1829	3
3446	3447	1
2196	3448	1
3449	563	1
3450	3451	8
2157	3429	0
2606	3452	1
3453	1961	0
10	3454	4
924	2325	0
3455	3456	2
3457	3458	1
2045	3197	0
3459	97	1
2925	97	1
3345	3316	3
2890	51	1
1424	3460	0
7	3461	3
1020	659	3
3092	3462	3
2223	1658	0
2524	3186	4
925	166	0
236	3463	2
3464	2055	1
83	3465	3
3466	3467	1
120	3468	6
1991	760	0
199	3469	3
1747	3470	3
75	3471	0
764	1875	0
19	3237	1
2461	1353	5
3472	2731	3
12	447	1
23	346	1
3385	1970	0
1826	2944	1
3409	3473	0
2224	1658	0
10	3474	4
2938	382	1
3475	1521	0
3348	3476	1
3337	3477	1
3108	79	0
1717	624	2
10	3478	4
2486	3479	1
2444	3106	3
3480	675	1
2082	3481	3
977	2099	3
3482	771	1
1174	2264	3
1241	321	3
1840	38	0
3483	1907	0
916	3484	3
2996	1643	1
957	2037	0
10	3485	4
1941	2296	0
120	3486	6
3020	3187	3
492	491	0
2201	1234	0
548	547	0
3487	821	0
3488	3489	3
3490	3301	3
1729	2621	3
3491	3492	2
36	3493	4
3494	1719	1
3495	205	0
2859	2376	0
1814	2246	5
1947	1693	1
1443	3496	3
3497	3498	3
1269	3499	0
1165	2353	3
1627	3500	3
1317	2926	3
2286	3491	0
3501	3502	1
3503	3504	3
3085	3505	5
1821	1820	0
3405	3506	0
719	2023	3
3507	3508	3
3509	346	1
3510	3511	1
10	3512	4
3188	1708	0
220	3513	2
2009	3514	3
223	3515	3
10	3516	4
10	2518	4
85	3517	2
234	3518	2
2440	3519	3
3520	49	5
919	918	0
3521	2477	3
3522	3267	0
3523	3524	3
742	3525	3
237	3526	2
2201	2200	0
2140	2139	0
619	618	0
3527	2947	3
3126	2157	0
1619	586	0
1485	3528	3
1686	3529	1
1675	2121	2
2295	2294	0
348	3530	6
120	3531	6
684	2304	0
1584	3532	2
348	3466	6
3533	2712	1
1093	1962	0
3534	3535	0
3390	980	1
1107	298	1
3536	3537	2
25	1450	0
464	3538	3
10	3539	4
3540	281	1
10	1112	4
1174	3541	3
10	3542	4
824	3482	1
3543	2079	0
2523	1062	1
1301	1300	0
2974	423	1
348	3544	6
2169	3545	3
3546	421	5
468	423	1
938	1235	3
736	3547	0
348	3548	6
3549	2676	3
103	714	0
2121	888	0
36	1467	2
348	3550	6
10	3551	4
1710	1709	0
3543	3552	0
3553	3475	0
857	929	0
3310	92	5
1404	3554	1
262	3555	2
3556	3557	3
1268	1267	0
348	3558	6
4	3546	2
236	858	2
3559	1516	1
177	3560	4
3561	876	3
1871	644	1
3562	1389	0
3563	650	1
877	421	5
244	3564	2
1481	2165	2
3181	3193	0
609	3418	2
1693	1207	0
535	3565	2
2580	3566	3
961	3567	2
2445	1151	1
3568	1678	1
220	2738	4
1560	3569	5
3570	1745	1
1568	3571	3
3572	3573	1
717	1283	0
664	3574	3
216	2396	3
164	1626	4
3575	1276	5
1481	1627	4
1481	776	2
236	3165	2
1440	3507	3
3576	97	1
3577	3578	3
569	1735	0
1209	368	3
1547	3579	3
344	2238	0
535	3580	2
3581	18	0
1085	1084	0
3582	1413	1
10	3583	4
3584	3585	1
2368	3586	0
348	1324	6
285	821	0
236	3587	2
1796	3220	3
705	2948	4
801	2289	2
1059	2689	0
1556	3588	1
996	3589	0
1080	1750	0
3590	3591	1
1389	3562	0
153	2454	3
10	3592	4
263	88	5
3593	1313	0
801	2822	2
239	3594	1
2435	582	0
1132	3079	1
753	2661	0
3595	2506	1
3596	1763	1
215	3597	0
1162	3522	0
10	1826	6
10	3598	4
36	913	2
2018	2917	3
1194	3599	2
722	721	8
153	3234	3
2481	3600	3
10	3601	4
3322	1485	3
126	3384	1
725	3602	2
1789	660	1
2097	3603	3
3604	651	3
198	3605	3
120	2495	6
155	395	2
1735	1637	0
3098	3097	0
1063	3606	2
348	3607	6
36	689	0
10	3608	4
234	1108	2
1365	3609	2
3610	88	5
348	3611	6
3612	1676	1
120	1952	6
478	1221	1
3613	3614	0
1288	1282	0
2181	3364	2
3615	2473	3
594	593	0
938	3616	3
3617	3618	1
262	3378	2
8	3619	3
18	3620	0
89	3621	3
348	3622	6
682	1358	3
3237	3236	0
3623	679	1
424	3624	0
2276	3625	1
10	398	4
545	281	1
3371	2118	1
4	3626	2
3627	3628	3
348	3629	6
3630	3631	1
2111	18	0
960	3632	3
3633	97	1
3634	86	0
120	3615	6
1714	3635	2
387	789	3
622	3473	0
3636	3400	1
85	3637	4
889	3343	0
348	3638	6
85	3639	2
2727	402	0
32	2700	0
3640	3641	3
105	3642	1
1717	2578	2
3643	281	1
1989	1617	1
1064	127	0
3644	382	1
143	1350	2
801	987	5
2709	3645	3
961	3646	2
1953	3647	2
1994	3648	3
217	1317	3
3232	3231	0
18	1378	0
203	3649	0
3322	3650	3
3651	3477	1
821	3652	0
1673	3406	3
521	3207	3
366	2469	1
3653	3654	1
10	3178	4
3549	2484	3
236	3655	2
1480	3343	0
2817	660	1
1285	3656	0
1861	3267	3
2866	3657	0
1192	3658	2
1246	2891	1
348	3659	6
1301	39	0
26	3660	2
2815	2392	1
705	3661	2
1565	1564	0
1447	3662	0
2396	679	1
577	3663	3
1213	3042	0
1602	3664	3
378	815	1
1328	382	1
1691	892	2
2113	94	0
3665	2976	3
3666	2920	1
2307	1445	1
1745	1744	0
3667	3403	3
833	2831	0
3668	307	1
10	3669	4
120	3670	6
3671	3672	1
3673	2997	1
155	3674	2
242	3675	2
3676	308	1
1241	2408	3
36	3001	4
70	3677	3
326	3678	0
3679	3335	3
3365	3680	3
3681	3682	3
3683	421	5
236	2804	2
391	2421	0
1964	3678	0
610	794	0
3684	3685	1
10	3686	4
3687	105	1
508	2708	0
3688	2784	5
629	2970	3
3689	2055	1
1503	3690	3
1641	772	2
3357	746	0
3375	3691	7
1547	3692	3
3693	704	1
4	3694	2
491	1651	0
2761	3695	3
3696	205	1
2863	3697	1
3698	3699	1
966	1879	3
964	2562	3
2379	2378	8
153	2840	3
3362	73	3
3700	658	1
4	3701	2
776	3702	4
85	3703	2
2623	3704	3
3705	3706	3
177	3707	2
36	758	2
3708	3709	1
26	3710	2
36	3711	4
2839	3712	1
2899	722	0
86	987	5
3713	675	1
558	1348	2
1683	1365	2
3714	3715	3
1463	3570	3
3716	3717	3
1752	1751	0
2088	860	8
848	2198	0
2695	3718	0
3719	3720	1
4	3721	2
783	782	0
764	1441	1
3722	1654	1
719	2440	3
1135	1770	1
56	1580	0
3723	3724	3
3725	1478	0
1063	3726	2
10	3727	4
1626	2336	0
1395	3728	2
3729	53	1
3185	1003	0
85	3730	2
10	3731	4
689	1501	0
40	419	1
3119	426	0
203	2378	1
1294	588	1
1808	1807	0
249	248	7
176	346	1
1542	3732	2
3116	3733	0
3707	987	5
2016	308	1
689	1500	0
3734	3735	1
970	764	0
3550	1912	1
153	2918	3
10	3736	4
3737	3272	3
2627	3738	0
1877	3596	3
3739	3740	5
36	3741	4
3010	281	1
3207	3742	3
384	1832	0
861	3743	3
1502	1386	7
2549	421	5
2020	2241	0
348	3744	6
669	3745	3
1639	3746	3
53	3662	0
3207	3345	3
1179	111	9
3747	3748	0
36	3749	2
410	3750	2
888	2121	0
1165	3751	3
2441	3752	3
2442	3665	3
2027	2400	0
2711	2265	1
2241	414	0
419	1257	0
1414	3139	0
2069	2608	1
3445	1195	3
509	633	0
3457	25	0
3522	1861	0
3753	2692	1
36	3754	2
3755	2378	1
2334	3026	1
236	3756	4
89	3757	3
10	3758	4
3759	787	0
1795	731	1
89	3760	3
800	2733	1
3761	1606	0
2206	3762	1
843	842	0
348	3389	6
215	2699	10
2251	2250	0
2139	747	0
2205	3590	3
2163	3763	3
234	3764	2
1717	3765	2
609	236	3
2882	679	1
3752	3766	3
941	1352	2
36	3767	4
3768	386	5
1997	3769	1
3770	1312	0
3181	2629	0
155	3771	2
36	3772	4
3129	3128	0
236	3773	4
2665	3774	0
3775	28	0
1466	3614	0
1663	3776	0
3777	205	1
3778	3779	1
1483	1267	0
120	2679	6
2412	3780	3
3228	3781	1
10	3782	4
1336	1099	0
3783	3784	3
3756	92	5
3785	367	1
2385	2618	1
70	3786	3
3209	2349	3
2880	830	5
311	3787	2
3705	3788	3
25	24	0
89	3789	3
26	3790	2
3193	3088	0
1334	1551	0
977	1948	3
3791	3792	0
3516	3734	1
2150	607	3
70	3793	3
1675	3794	1
2544	1024	1
10	3795	4
36	1689	4
1206	2599	1
1273	1272	0
120	3796	6
3797	679	1
3798	3799	0
3800	2590	3
861	3679	3
3801	180	5
1411	1410	0
216	3802	3
1786	3803	3
2317	3804	3
264	3805	2
1043	2639	1
26	3806	2
155	1638	2
164	3807	2
1080	3808	0
1521	1922	0
36	1950	2
2219	1310	0
2502	1191	1
10	3809	4
2582	421	5
1961	3453	0
348	3810	6
10	3811	4
3812	2569	1
3813	1955	0
776	3814	2
2482	797	3
348	2467	6
1734	3815	2
2108	16	0
355	385	2
36	1717	2
917	3816	1
1469	569	0
2598	3817	3
36	3818	4
3819	1958	8
26	3820	2
3821	543	0
2337	2806	0
1798	3822	0
1937	3823	3
2336	2366	0
3416	3415	0
3556	3100	3
2773	3824	3
1785	3394	0
694	3825	2
10	3826	4
1297	993	3
3045	3044	8
798	1093	2
1667	2198	0
3827	346	1
1717	3828	2
764	763	0
132	3829	3
1440	2603	3
2053	97	1
720	3830	3
3831	3832	0
3333	1420	0
3165	3833	2
10	3834	4
1937	51	3
464	679	1
3280	3279	0
348	3835	6
36	3836	2
3837	358	1
2931	3006	3
410	3838	2
10	3839	4
582	581	0
2181	3840	2
2256	342	1
3841	281	1
3842	3843	0
1737	3232	1
236	2777	2
3084	2118	1
62	3844	3
1920	1053	3
4	3845	2
26	3846	2
348	3847	6
1965	1964	0
3432	2038	1
3848	1461	0
695	2007	2
1330	3849	1
153	3325	3
120	3850	6
1937	3851	3
2452	3852	3
720	3853	3
26	3854	2
155	3855	2
3856	755	1
2113	1273	0
270	2415	0
254	253	0
2036	53	1
620	3857	1
1717	3858	2
1939	3859	5
833	864	0
712	3860	3
26	3861	4
85	3862	2
1054	308	1
3863	1912	1
3348	3320	2
10	3864	4
3865	2152	1
558	3866	2
1063	1951	5
394	376	2
3867	88	5
1072	3868	3
3869	3870	3
164	3871	4
2236	3872	3
348	3873	6
1620	1619	0
2084	3874	3
3351	3875	3
10	2991	4
3808	1080	0
3876	679	1
164	178	2
1123	2807	1
826	3877	3
236	3878	2
3879	1720	0
1862	3880	3
26	1974	2
1590	3723	3
764	2910	2
1489	2946	1
348	3881	6
85	3778	4
3868	2942	3
3882	3883	1
2196	891	9
348	3884	6
1523	447	1
10	1359	4
512	228	0
120	3885	6
127	126	0
943	3160	0
2884	3886	3
36	1332	2
85	3887	2
234	1333	2
1761	2649	3
3888	283	3
3889	660	1
2739	1695	0
1233	3890	4
618	3891	0
3614	3613	0
512	3233	1
3892	2920	0
2441	545	3
535	3893	2
1365	3894	2
3895	1327	3
120	3896	6
2866	2865	0
446	445	0
3484	660	1
3897	2760	0
3898	1555	0
2377	2860	0
10	3899	4
3900	1972	1
3901	3902	3
3309	769	1
1059	3903	0
1285	3904	0
70	2254	3
787	3905	1
1312	3770	0
742	741	0
514	3828	2
3906	3907	5
3908	88	5
234	3909	2
1233	2245	4
833	3910	0
3417	3911	1
3912	1095	1
798	1506	1
480	479	0
916	447	1
2273	3913	0
36	1265	2
3914	3915	1
1756	2762	3
202	1462	0
120	3916	6
3554	3025	1
344	343	0
3917	3918	3
153	3919	3
701	3920	4
3921	2080	1
514	1939	2
1691	3922	2
3383	1411	0
1481	262	2
1233	1957	2
1796	3923	3
289	8	3
2707	1323	0
3924	2548	1
1776	1681	0
3925	1267	0
541	3926	3
1029	1953	1
55	1745	1
89	3927	3
1708	1958	0
2149	141	5
3928	660	1
2886	3929	3
304	1332	2
3930	3397	1
3931	3932	0
107	1183	2
2402	2401	0
39	3242	1
100	3933	1
1955	2240	0
89	3934	3
355	3935	2
3726	1353	5
10	3936	4
2509	2857	1
714	103	0
10	3937	4
3938	3005	1
962	2892	5
1063	3939	2
1371	3940	3
1020	916	3
1737	1013	0
1751	1424	0
65	1869	1
1255	2044	0
2011	660	1
36	2591	4
1542	211	2
2709	3238	3
2569	3941	0
647	1825	1
1152	1912	1
1061	1546	1
3942	346	1
3504	3943	3
2688	3944	1
927	3945	0
2761	2861	3
3946	1933	1
3257	341	0
2469	3947	1
1950	3948	2
821	1854	0
1637	3949	1
3950	679	1
3427	3951	1
3952	3785	1
85	3953	2
1241	1924	3
822	2511	0
961	3954	2
164	3955	2
1782	3956	1
833	3077	0
164	3957	4
1568	693	3
3958	2650	3
776	1275	2
233	1280	0
1020	2884	3
1447	3055	3
1785	486	0
1737	1736	0
2440	2168	3
2617	3959	2
3960	2563	3
3614	2421	1
348	3038	6
120	3946	6
2205	346	1
89	3961	3
70	1072	3
10	3962	4
2689	3228	0
3940	3963	3
2550	3964	5
380	3965	1
2324	2448	3
1412	3966	3
1429	1959	0
701	3520	4
85	3967	2
10	113	2
348	361	6
3968	101	5
177	3969	2
3970	25	0
2455	2417	1
1129	1391	2
113	870	0
3971	685	0
39	38	0
3972	3973	3
3339	88	5
1195	3974	3
3975	2118	1
10	3976	4
913	2791	2
3977	3978	3
94	2113	0
153	3979	3
1547	3980	3
2088	3981	8
164	1886	2
2301	3428	1
153	3982	3
10	3983	4
1439	604	0
164	3984	2
210	1917	2
25	3985	0
3986	2510	1
85	3987	2
3988	238	2
236	494	2
612	197	0
1994	715	3
3989	836	1
3193	3990	1
1947	405	0
26	1172	2
2492	1598	0
36	3991	2
1856	2935	1
3356	3992	1
428	2223	0
325	1055	0
2860	2859	0
3270	1151	1
787	3759	0
10	3993	4
2011	3729	3
1959	3188	0
1565	3994	1
348	3082	6
3189	3995	2
1909	3054	0
3996	540	0
36	305	2
2441	2886	3
348	3410	6
3997	92	5
3998	3999	3
519	3801	2
3737	565	3
120	4000	6
36	4001	4
2934	758	2
321	2342	3
4002	4003	1
3718	4004	1
3469	3433	3
36	1252	2
1278	3575	2
4005	1282	1
1009	2198	0
3298	88	5
463	4006	3
155	4007	2
817	4008	1
1342	4009	2
2386	1409	1
251	4010	3
3802	679	1
10	2848	4
348	1223	6
1233	4011	2
1273	2113	0
3491	4012	2
1197	2280	2
10	137	4
2013	4013	3
164	137	4
1986	830	5
939	1654	3
375	2759	0
2884	447	1
3588	4014	0
3891	618	0
989	2620	1
3377	3308	1
120	4015	6
4016	987	5
2763	1648	1
3524	3299	1
70	4017	3
737	719	3
89	4018	3
1432	2202	3
4019	2618	1
4020	3502	1
3320	778	1
3849	4021	1
348	3753	6
4022	4023	0
10	4024	4
4025	1095	1
4026	3313	5
10	1733	4
519	4027	4
3604	4028	3
3470	2417	1
161	160	0
236	4029	2
4030	1123	1
348	3501	6
658	767	1
1819	4031	0
1508	4032	1
264	2076	2
66	91	4
1954	667	4
1805	3569	5
2010	433	1
3678	1964	0
1777	1680	0
3228	1059	0
36	1641	2
4006	679	1
558	4033	2
1764	4034	3
722	4035	0
521	4036	3
85	4037	2
1734	4038	2
236	4039	4
153	2683	3
4040	97	1
669	4041	3
3963	290	1
1606	752	0
4042	3438	0
1420	3333	0
3295	644	1
4043	1940	0
1462	4044	2
1657	4045	2
1311	1310	0
10	4046	4
10	1057	4
1573	1079	3
3577	3668	3
1611	2675	2
4047	4048	3
861	4049	3
3965	4050	1
10	4051	4
3562	622	1
2457	346	1
2593	4052	0
1699	2133	0
4053	4054	1
3322	2820	3
1411	3383	0
2187	2055	1
1094	4055	3
4056	4057	1
1502	4058	0
2792	1719	1
1218	1490	3
3405	786	0
3236	2111	7
4059	98	1
348	657	6
3822	1798	0
10	2978	0
10	4060	4
2321	2811	0
348	3863	6
2668	1710	0
978	4061	3
242	4062	2
2585	4063	3
1845	1844	0
1896	1895	0
2887	4064	1
4065	2497	1
2272	3012	1
89	4066	3
2795	2760	0
4067	1744	0
2765	2156	1
1225	497	3
2836	4068	3
832	425	0
701	4069	2
348	2940	6
3465	4070	3
1280	233	0
1145	4071	1
3635	4072	0
3842	2553	0
3616	4073	3
10	4074	4
675	1395	1
4075	4076	1
240	4077	3
4078	733	1
36	155	2
348	4079	6
1365	2089	2
4080	588	1
1297	2431	3
2831	3342	1
2135	3397	1
3128	4081	0
150	149	0
1517	3183	1
4082	423	1
3451	3450	8
543	3821	0
1465	391	0
929	2321	0
164	1244	2
4083	4084	0
454	1565	0
973	602	1
26	4085	4
217	30	3
4086	3267	1
582	4087	2
4058	1502	0
3521	3441	3
1233	1585	5
348	4088	6
2904	3143	0
153	4089	3
1027	423	1
10	3687	6
26	4090	4
4091	4092	1
4093	3375	0
2310	3073	3
4094	1953	1
10	4095	4
4096	1409	1
1290	2619	1
508	1552	0
3475	3553	0
10	4097	4
1125	4098	0
1146	1328	3
3076	1191	1
10	118	4
10	4099	4
10	4100	4
348	4101	6
795	794	0
4002	4102	2
3046	1763	1
2177	944	2
801	4103	2
3744	1186	1
1252	4104	2
627	1388	0
3193	4105	0
612	3368	0
626	2292	0
496	660	1
10	4106	4
1124	4107	3
4108	1745	1
3609	2124	5
776	4109	2
703	4110	3
242	4111	2
2290	2836	3
1810	1677	2
10	4112	4
10	4113	4
305	4114	2
1126	4115	3
1124	3640	3
4116	2228	5
302	316	0
164	4117	2
4118	4119	2
558	4120	2
1503	4121	3
1498	822	0
4122	643	1
3776	1663	0
3260	2115	1
3068	110	1
1846	2844	9
4123	235	2
556	4124	3
3884	995	1
1729	1535	3
10	4125	4
1120	3189	2
205	3495	0
36	4126	4
1178	112	0
2292	626	0
1668	2626	1
2209	1024	1
1245	1049	1
2665	1934	0
4127	4025	3
822	169	0
3280	2957	0
2648	423	1
4128	4129	1
4130	887	0
1635	1634	0
3535	4131	2
10	4132	4
4133	1010	1
927	4134	0
3600	2355	3
1020	3302	3
726	4135	3
164	4136	4
2433	4137	1
1954	1467	2
1481	4138	2
3813	1956	1
586	718	0
402	2727	0
26	680	4
1213	1248	0
1108	386	5
240	4139	3
2327	147	0
267	266	0
348	4140	6
701	4141	4
1535	4142	3
1233	2200	3
1126	2877	3
742	1440	3
1528	4143	0
1218	298	3
3380	3259	3
3518	1431	2
2324	1174	3
2182	189	0
623	4144	4
124	2922	0
1510	643	1
348	1863	6
164	3270	4
3465	1247	3
4105	3193	0
3966	4145	3
3521	4146	3
305	3347	2
1467	4147	2
614	613	0
519	4148	4
10	4149	4
2258	2257	0
4150	3328	0
4151	2447	5
1540	4152	2
1165	4153	3
3053	4154	3
185	1342	2
10	4155	4
4094	4156	1
389	4157	1
1450	2108	1
4158	4159	3
3779	4160	1
1063	4161	2
1668	857	0
2756	1913	4
3742	4162	3
1015	2282	3
2706	622	1
26	4163	2
805	3505	5
89	4164	3
1339	4165	1
943	2177	0
2727	2366	0
4166	2854	3
641	4167	1
111	1178	0
164	4168	3
1803	4169	3
776	4170	2
2747	1151	1
4135	205	1
1099	1860	8
1895	4171	0
1370	1276	5
1270	847	1
950	4172	1
2641	437	0
634	633	0
348	4173	6
10	4174	4
3303	660	1
1239	4175	3
1382	1381	0
4176	617	1
4177	311	5
66	4178	2
3740	4179	1
348	4180	6
4181	2946	5
1910	1081	7
450	1409	1
89	3146	3
10	4182	4
305	696	2
941	3056	2
2362	1735	0
348	4183	6
1641	2007	2
4184	4185	1
3617	1381	0
2994	2993	0
1020	4186	3
2166	4187	2
2748	1502	7
195	3395	1
10	4188	4
1920	4189	3
3630	2941	1
2730	3945	0
210	873	2
2931	456	3
66	4190	2
2834	346	1
2166	3565	4
2198	847	8
4191	4129	1
4192	386	5
1542	4193	2
2343	4194	3
3569	4195	1
10	4196	4
2157	3241	0
4197	2154	1
296	4198	0
753	621	0
498	4199	3
3139	1415	0
1999	2192	5
4200	1340	1
1170	4201	0
4202	1933	1
1800	2051	3
1447	3549	3
1976	3455	1
34	3156	0
1033	3816	1
2378	4203	0
4204	4205	3
4206	4207	0
961	3670	2
3336	2055	1
369	4208	1
1252	4209	2
3491	1163	2
354	353	0
1462	202	0
10	1305	4
1395	4176	2
348	1136	6
1949	3924	3
2405	660	1
4210	2943	1
1233	4005	4
89	4211	3
3322	1534	3
910	1024	1
1249	1093	2
348	4059	6
1707	1381	0
2440	2875	1
3843	3842	0
4212	290	1
2995	386	5
1394	4213	3
1124	3958	3
1747	4214	3
2254	4215	3
2513	3653	1
200	4216	2
3342	585	0
1547	122	3
70	222	3
1858	4217	1
4084	4083	0
1666	140	4
3065	2059	1
2717	2417	1
1876	1173	5
3463	2892	5
4218	782	0
242	4219	2
234	4220	2
1006	3869	3
1013	1737	0
1375	1437	0
26	4221	2
1955	3813	0
194	4222	3
1129	4223	2
4186	1815	1
1855	732	0
814	2652	0
242	4224	4
4225	3748	1
1506	1291	1
904	4019	3
1241	742	3
2585	679	1
4226	2192	5
3837	4227	2
2643	4228	0
861	4229	3
3822	808	0
10	1110	4
70	711	3
2399	4230	3
362	1312	1
1013	1012	0
2336	2806	0
3682	2544	1
2245	1817	0
4231	1979	0
454	583	0
3014	4232	2
1079	678	3
3089	423	1
4233	1597	1
3525	3062	3
626	625	0
348	4234	6
95	447	1
3025	3693	1
234	4235	2
4012	4236	1
3712	4237	2
546	679	1
3921	588	1
920	975	0
4238	3446	1
10	2595	4
115	1901	0
1241	4239	3
937	936	0
1386	2668	10
1344	4240	2
1147	4241	3
428	3027	0
1886	4242	3
1174	4243	3
2753	4244	3
969	4245	2
519	4246	3
2313	587	1
614	2060	0
4247	3250	0
4248	4249	1
1241	3263	3
1713	402	0
2671	2670	0
4250	4251	3
2668	1386	10
2957	2956	0
2127	1353	5
183	1023	0
4252	911	9
1633	2740	1
3026	4253	2
1423	605	1
323	4254	1
2113	1508	0
2623	4255	3
155	4256	2
2350	3393	1
94	1272	0
4184	4257	2
3296	4258	0
1267	3925	0
1401	2726	0
2145	4259	1
4260	1504	1
2886	4261	3
764	4083	0
4262	433	1
3929	679	1
410	4263	2
4264	4265	1
63	4266	3
2083	4267	3
2634	1276	5
718	717	0
3628	4268	3
94	4269	0
3460	1424	0
3650	4270	3
348	2824	6
70	1590	3
850	731	0
77	4271	1
89	423	3
220	1182	2
1709	4272	1
4273	1199	0
3373	540	1
185	945	2
3328	4150	0
3438	4042	0
10	3986	4
658	2569	1
544	4274	1
726	3777	3
3147	423	1
10	4275	4
2375	4276	0
1777	1776	0
1801	4277	3
2376	2859	0
1547	2186	3
1453	3502	1
3841	2197	3
747	2627	0
4278	4279	3
604	1439	0
359	4280	2
2181	3739	2
695	4281	2
1937	4282	3
2083	4283	3
3903	613	1
3799	3798	0
3746	307	1
1717	2076	2
2936	2935	0
1695	2739	0
3416	3183	0
519	4284	4
1303	980	1
34	1901	0
10	4285	4
4286	4287	0
4146	675	1
1070	687	3
891	890	2
622	738	0
924	923	0
2421	391	0
4288	2415	0
4289	660	1
4290	4291	3
2487	1043	2
3165	4292	2
2871	4293	3
4	4294	2
220	4295	2
3040	644	1
4296	1353	5
1126	646	3
2040	2632	0
4297	4298	1
4176	2987	0
1102	3654	1
124	4299	2
1551	42	1
4300	3998	3
461	66	0
348	4301	6
120	4302	6
2226	440	0
1094	4303	3
4304	962	2
418	41	1
348	4305	6
659	4306	3
4307	3975	3
593	1929	0
348	4308	6
3547	736	0
3663	4309	3
142	1349	2
1197	2715	2
35	34	0
70	62	3
242	4310	4
36	1739	4
1959	4311	0
213	1057	1
4189	3676	3
643	982	0
4312	2364	1
348	3494	6
1408	2630	1
1945	3467	1
10	2724	4
234	4313	2
89	4314	3
348	4315	6
3112	3111	0
609	177	3
233	279	1
2358	679	1
983	4316	3
4317	2797	1
4318	1612	0
244	2945	2
88	708	2
236	1319	2
2460	1151	1
4319	423	1
3193	3181	0
4239	2438	3
4310	92	5
4320	4321	3
4	1341	2
296	295	0
3832	1758	0
3566	346	1
89	4322	3
10	293	4
1584	4323	2
348	3459	6
2224	2223	0
4324	3317	1
492	4325	1
949	79	0
3445	412	3
2921	3892	1
4326	2618	1
538	314	0
113	4327	4
2518	3407	2
4328	1426	0
3999	308	1
4329	4330	1
941	1307	2
4331	1084	0
348	4332	6
244	2992	2
36	1481	2
177	4333	2
3733	25	1
4334	2054	1
1033	3381	0
4222	637	3
4335	2206	1
4336	2402	1
4337	1976	0
4031	1819	0
628	1388	3
4338	4339	1
922	263	2
410	4340	4
1691	1917	2
530	2621	1
4341	3236	0
36	514	2
4342	1528	0
1568	4343	3
26	4344	2
185	3033	2
120	4094	6
36	4345	4
846	778	1
70	2753	3
3367	1137	1
860	2088	8
2442	1451	3
3679	2809	3
4346	4347	1
4	4348	2
4349	4128	1
30	346	1
3896	1953	1
10	396	4
2241	3025	0
3314	3313	0
2830	371	3
2079	2781	0
1233	4350	2
3751	4351	3
977	1124	3
821	4352	0
10	1558	4
536	141	5
3357	4353	1
1231	4354	1
1477	4355	1
2714	2801	0
2188	754	7
480	2421	1
2279	267	0
2134	2381	1
4261	382	1
629	3960	3
164	2591	4
348	1128	6
1721	1940	0
4044	4356	1
4357	1887	5
75	2116	0
36	264	2
4358	1353	5
410	4359	2
701	4181	2
26	4360	2
4162	3317	1
1425	1353	5
3004	1752	0
26	4118	2
185	1265	2
2536	155	2
10	4361	6
153	4362	3
4363	2001	1
2393	53	1
120	4364	6
236	226	2
1662	2583	0
4304	2737	2
4365	2154	1
4366	4367	1
1691	4368	2
2950	3791	5
1937	2889	3
4369	162	5
1350	1770	1
337	4370	2
2410	1422	5
3853	3010	3
3264	2428	1
1747	2416	3
10	4371	4
3072	2124	5
2686	447	1
612	34	0
4372	3430	1
4076	2064	2
36	695	2
778	4373	2
3912	4374	2
2223	428	0
1678	4375	1
3744	3167	1
3654	1961	1
726	4376	3
1252	4377	2
607	4378	3
242	4379	2
348	4380	6
3648	4381	3
1600	2241	0
4	2493	2
3322	4382	3
4383	4384	1
2412	4385	3
1459	2698	3
727	1811	1
4386	4387	1
2962	980	1
348	81	6
120	357	6
348	4388	6
1103	512	0
3165	4389	2
2935	4390	2
4391	2091	1
120	4392	6
344	4393	0
4394	2400	0
220	1630	4
39	1301	0
4225	2583	1
70	4395	3
534	821	8
36	4396	4
331	330	0
2296	189	0
1202	4397	2
1487	2827	1
3784	4398	3
336	335	0
4007	421	5
3752	281	1
1875	4399	0
4309	4200	1
3229	4400	1
51	4401	1
262	4402	2
1115	1114	0
348	768	6
10	4403	4
4404	205	1
2987	1395	9
257	3304	0
2441	3643	3
3445	2554	3
10	2294	4
2360	2569	1
391	1465	0
168	4405	1
394	3855	2
984	654	3
4406	788	3
508	253	0
1	0	0
1587	2388	1
164	1611	4
3835	1325	1
1328	1555	0
3640	4407	3
881	4408	0
4409	346	1
2373	2372	0
3263	3699	3
348	1392	6
463	281	1
304	695	2
3265	601	3
728	687	1
3445	2208	3
348	2299	6
1100	1099	0
3988	2784	5
36	4410	2
2329	4411	3
2611	21	2
4412	3428	1
4413	92	5
2514	1220	1
4035	722	0
3847	97	1
2223	2727	1
1756	4414	3
2033	2032	0
85	4415	4
2186	3464	3
1651	1650	0
4103	2533	5
26	4416	2
4070	346	1
2722	1310	0
3741	4417	3
801	4418	3
821	2142	0
2349	679	1
2858	4419	1
1970	3385	0
105	1774	2
10	4420	4
387	3800	3
4017	4421	3
4422	472	2
3322	2163	3
2079	3543	0
1256	419	0
1437	1315	0
1800	2508	3
1126	3972	3
183	408	0
509	4423	0
4424	2055	1
410	4425	4
3317	522	1
1467	1431	2
1052	1051	0
2324	4300	3
4426	3917	3
651	206	3
3250	4247	0
1562	4427	1
2025	4428	3
1233	4336	4
3375	4429	7
387	4430	3
1472	4431	0
424	832	0
1339	453	0
2759	375	0
4	4432	2
57	56	0
1497	3449	1
3087	4433	2
2466	4434	1
270	269	0
2065	4435	3
164	2445	4
2671	4436	1
3375	4437	7
4438	4439	3
348	4440	6
89	4441	3
177	4442	2
701	4443	2
1542	4444	2
2332	1033	0
330	215	0
725	691	2
1120	580	1
3080	1011	1
82	4445	0
2912	3535	1
120	33	6
3928	852	3
1958	1429	8
234	200	2
44	2529	5
1126	4446	3
4447	771	1
4183	4448	1
1525	2256	0
1233	1723	2
4449	739	0
1094	4450	3
262	4451	2
206	2247	3
1511	2025	3
3985	25	0
2336	3027	0
4452	4453	3
4454	4455	3
1576	3990	0
3644	4456	2
244	4457	2
4458	4459	0
4257	2800	1
2412	3942	3
1369	4366	2
120	4460	6
120	4461	6
955	541	3
3391	2452	3
236	4462	4
720	1167	3
153	4463	3
1199	4464	0
2956	4465	1
2163	193	3
4466	4467	1
10	2101	4
916	4289	3
2044	2600	0
2886	346	1
3491	4468	2
94	4469	2
3594	1367	1
1511	3627	3
558	4470	2
355	4471	2
10	1022	4
265	88	5
305	1069	2
1241	3783	3
2442	4472	3
2697	2711	1
1522	1521	0
4473	1500	1
4185	1034	1
3544	1883	1
4430	4474	3
2009	4475	3
2920	3892	0
1242	2309	3
3197	2045	0
1481	355	2
582	4476	2
4423	509	0
2565	53	1
1600	1820	0
731	4477	2
4478	382	1
4434	4247	1
26	4479	2
26	4480	2
171	618	1
4481	2878	1
3733	3116	0
164	4482	4
1788	2425	1
348	4483	6
3191	4484	1
4008	3257	1
406	215	0
4321	4485	1
36	4486	4
631	595	3
2171	179	0
1426	4328	0
1170	1771	0
490	4225	1
89	4487	3
89	2973	3
3638	4488	1
3304	257	0
3236	4341	0
801	4116	2
4489	4490	1
2275	1037	1
541	4491	3
4399	1875	0
1712	2652	0
3895	4492	3
2953	4493	6
3624	424	0
120	1941	6
4494	1039	5
348	561	6
2318	4495	9
1228	2230	3
3088	4496	1
10	4497	4
4092	2080	1
1265	4498	2
10	4499	4
1248	382	1
1598	336	0
1051	4500	1
758	1481	1
4036	4501	3
3941	2569	0
2388	2838	1
4502	4319	3
1936	4503	3
10	4504	4
4081	3128	0
2553	3842	0
2325	924	0
1482	758	2
348	3633	6
2078	2077	0
2441	280	3
4388	1883	1
66	4505	2
4450	3912	3
1447	12	3
4345	1409	1
70	4506	3
1679	1678	0
348	4507	6
4508	983	3
391	1406	0
4306	660	1
89	4502	3
2722	2218	0
2931	4509	3
4510	848	0
3890	2167	9
3425	4511	3
4376	1811	1
303	987	5
4283	2881	1
2661	753	0
3101	2115	1
583	4512	1
2806	2337	0
821	534	8
2906	4513	3
164	4514	4
4515	2152	1
2043	4516	3
4517	3141	1
4518	3584	5
1084	4331	0
2415	4288	0
2063	3435	0
36	4123	2
2910	4329	2
236	3773	2
4352	821	0
3208	4324	3
36	1932	2
155	4519	2
1551	1334	0
139	1315	1
3450	4520	0
4041	1351	3
3394	3099	0
720	2584	3
3498	2959	1
85	4521	2
2715	2714	0
2013	4522	3
4385	2523	1
348	4523	6
4251	308	1
185	1194	2
4052	2593	0
1283	936	1
1710	4524	1
921	2276	0
4525	179	1
10	634	4
1233	4526	2
1728	1727	0
2473	2472	0
120	4527	6
1994	3577	3
89	4528	3
2046	2045	0
2502	2537	2
1337	4529	1
4062	4413	4
2279	3383	1
3393	2080	1
4508	1227	3
2969	2968	0
4276	2375	0
348	4530	6
4	4358	2
4512	4531	0
3454	2803	1
582	4532	2
4533	1004	3
3444	2523	1
4534	3921	1
1126	4535	3
4536	969	0
3467	1719	1
1410	3503	3
920	1905	0
3832	3831	0
249	3197	7
2103	4365	1
10	4537	4
2742	1062	1
4538	3582	3
2833	1325	1
784	4539	3
2748	572	7
348	4540	6
10	4541	4
419	2302	7
887	4130	0
68	3651	3
767	328	1
20	2639	1
1238	1237	0
36	4542	4
70	3092	3
758	2869	2
4102	4543	1
4201	1170	0
3601	2492	1
754	753	0
1146	281	1
2872	346	1
1201	2332	1
410	4544	3
10	4545	4
1680	1777	0
220	3142	4
956	4546	3
3020	284	3
348	4547	6
1404	4548	0
10	4549	4
3394	4550	1
1706	1076	3
1474	4551	4
736	2318	0
2336	402	0
4483	4262	1
89	4552	3
321	1800	3
576	2348	0
242	1278	2
3620	18	0
41	419	0
4408	2634	2
1233	4553	2
3412	4554	0
904	4326	3
445	2079	0
966	660	1
4555	4297	1
1661	3889	3
220	2948	4
649	4556	0
3718	2695	0
3691	3375	1
10	4557	4
4558	92	5
4559	509	0
864	4560	1
2999	844	3
36	4561	4
2812	342	0
3014	4562	2
89	4563	3
3895	679	1
2868	2867	0
348	2980	6
625	502	1
3218	760	3
725	724	0
10	1038	4
3839	3110	1
3456	4564	1
4123	1468	2
705	4565	2
819	4566	3
1857	4155	0
2172	3304	0
3321	4567	1
155	4568	2
2536	941	2
1966	3497	3
10	4569	4
3109	503	5
390	480	0
3649	203	0
1606	3761	0
2994	2812	0
3473	3409	0
541	498	3
2701	2922	0
3247	98	1
4331	4206	0
1860	1336	0
775	4570	3
10	2847	4
2600	1254	0
1233	4151	2
10	476	4
934	1745	1
4451	550	5
89	4571	3
2808	3215	1
177	4572	4
1342	4573	2
120	4574	6
1482	558	2
2999	484	3
3978	2523	1
2864	1062	3
933	88	5
612	4575	0
2270	4466	1
1233	2660	4
1516	687	1
1466	3617	1
847	2198	8
1956	1550	0
3092	4576	3
408	183	0
348	4577	6
2957	3280	0
120	4578	6
882	639	4
1017	2599	1
2041	3451	0
4198	4579	0
527	4580	3
3481	345	3
623	2076	2
3060	679	1
4581	1176	1
573	572	7
2132	4582	3
3964	1508	2
987	3369	1
2749	1134	0
3031	1107	1
3098	3381	0
36	2166	2
10	4583	4
2383	3308	1
26	4584	4
1236	4585	1
10	4238	4
2581	2566	3
2097	4586	3
2283	1682	1
4587	2251	0
2309	2931	3
89	4588	3
388	4589	3
3175	493	1
36	151	4
1233	2322	2
66	2278	2
1973	3184	1
626	4590	0
2734	628	1
1301	2291	1
1744	4067	0
2425	1562	1
36	635	2
152	4591	1
1735	1470	0
10	3930	4
4592	4349	3
1384	4593	3
3161	4594	3
70	3020	3
2079	1890	0
4169	679	1
1097	3101	1
3092	4595	3
3540	3950	3
629	675	3
124	4596	5
10	2155	4
234	2767	2
3251	2728	3
1564	2951	0
3780	346	1
701	2049	2
1233	4597	2
89	4598	3
85	4599	4
654	4600	3
1458	2946	5
242	2835	4
10	4601	6
1113	4602	1
701	829	4
348	4603	6
2299	82	1
1950	642	2
4604	4128	3
3504	4605	3
4606	205	1
3518	4177	2
2522	2521	0
1334	1997	0
25	3457	0
10	4607	4
1087	1770	1
1415	1414	0
2129	1376	0
4579	4198	0
321	1412	3
612	4608	0
175	2745	3
4028	3644	1
519	2173	4
376	4609	5
323	2511	0
2461	4358	2
3061	346	1
2610	4197	3
348	4610	6
3776	2583	0
4425	4611	0
217	4612	3
3320	106	1
833	4613	0
1103	1610	1
4614	1942	1
3204	4615	1
2398	386	5
963	3509	3
4616	4617	1
1547	4618	3
3489	3221	1
3020	3888	3
348	2253	6
758	4619	2
1673	4620	3
1673	4621	3
2436	4622	3
2448	2310	3
3445	4623	3
938	1655	3
2193	4624	1
4546	4625	3
2836	4626	3
1962	1093	0
2314	4053	1
85	3008	2
1752	3004	0
348	4627	6
348	2662	6
1474	4412	3
1816	386	5
541	977	3
318	2928	1
3375	4093	0
70	1116	3
89	4628	3
609	4629	1
3023	3022	0
1019	1815	3
764	3657	2
2366	2727	0
941	4630	2
739	4449	0
4316	900	3
1254	2600	0
1720	3879	0
3643	4631	3
60	346	1
3382	3451	0
28	3775	0
1568	2755	3
4153	1790	3
1208	1207	0
1320	459	1
89	4632	3
774	3698	3
1129	3858	2
3434	4633	1
32	4634	1
1976	4337	0
2526	1107	1
10	4635	4
932	3298	2
2415	2414	0
3224	1738	0
558	4636	2
821	3487	0
234	4637	2
4160	4638	1
4582	2055	1
3874	4283	1
1125	2651	3
10	15	4
120	4026	6
1535	4639	3
1412	4538	3
4083	764	0
2603	764	3
509	4559	0
1981	4640	1
115	4641	1
920	2319	0
2348	3215	1
3759	434	9
1940	4043	0
295	1315	1
1504	4642	1
4613	2646	1
1403	4643	0
155	4644	2
991	3322	3
3404	421	5
1781	3720	1
4645	92	5
2117	97	1
348	3576	6
1559	1807	0
94	1579	0
1019	4646	3
655	4647	3
3255	346	1
1948	2548	3
1804	679	1
1100	1336	3
1979	1978	0
4648	382	1
120	3151	6
16	3970	0
1063	127	0
4622	4649	3
1937	4650	3
236	4651	2
4548	1404	0
348	2677	6
1998	580	1
1810	3696	1
2652	1712	0
1474	4652	2
1535	2797	3
4110	3388	1
1233	4653	2
612	2951	0
326	325	0
617	616	0
3027	2336	0
26	3908	2
2689	1059	0
1002	1001	0
1473	1472	0
3304	180	0
3964	4032	2
4611	4425	0
240	4654	3
2288	4655	1
4396	4157	1
4656	53	1
801	4369	2
810	1186	1
3813	3635	2
320	296	0
1233	3997	4
1403	2411	0
4453	2102	3
1344	4657	2
120	4658	6
4206	4331	0
3903	1059	0
305	4659	2
261	4422	1
4038	292	0
2183	587	1
591	995	1
70	3121	3
2481	1506	3
3026	4075	1
4660	4661	3
2290	4662	3
67	471	1
2441	3841	3
4663	1413	1
4664	4555	1
4508	2875	1
3598	3022	1
732	4665	3
4666	423	1
4667	270	0
2413	1516	1
2440	4668	3
1959	1958	0
1872	713	0
1271	2172	1
270	854	0
1521	3475	0
916	4669	3
1950	4670	2
3203	1455	0
1717	2456	2
292	4038	0
2088	2087	0
4671	2712	1
3892	4481	0
4672	1446	1
10	4673	6
3981	2088	8
4593	4674	3
1200	1199	0
348	1296	6
1598	2492	0
528	4675	3
1950	1314	2
3804	1024	1
89	4676	3
2615	1025	0
1031	626	0
4593	4677	3
3343	2121	0
305	4678	2
348	3671	6
4252	4679	0
3886	660	1
4680	3563	5
629	4681	3
519	4133	4
1996	1791	1
629	2586	3
26	4682	2
10	2592	4
4	2450	2
36	262	2
196	2594	0
3100	1096	3
3139	947	1
236	4683	4
2012	53	1
1904	48	0
4184	2799	2
2213	377	3
391	3618	1
2198	848	0
3811	271	1
802	1059	1
4684	1648	1
3211	1919	0
10	4685	4
3549	2331	3
66	4686	4
4533	2538	3
2770	421	5
1579	94	0
1098	1852	1
705	1122	4
3977	346	1
3481	1990	3
3589	996	0
3690	4260	3
1178	3354	0
4516	4687	3
242	2184	4
348	2720	6
348	3309	6
1386	1385	0
344	4688	2
3020	4689	3
950	927	0
2934	2166	2
1616	1615	0
2704	290	1
10	4690	4
2904	2903	0
1583	3131	2
3138	3140	1
1861	4086	3
348	3195	6
1466	2421	0
3268	4372	1
4691	1819	0
2557	381	3
2330	205	1
719	4508	3
2449	4692	3
3608	3452	1
175	679	1
1735	2362	0
1259	4693	3
2040	271	1
4228	2643	0
3728	617	1
1819	1818	0
348	4040	6
10	4694	4
10	1699	4
4695	4210	3
2797	2621	1
965	432	1
4266	3865	3
2905	4696	1
1465	390	0
2440	216	3
348	4697	6
1233	4698	4
1713	2366	0
1478	3725	0
2955	4283	1
3324	276	5
3820	1353	5
280	2871	3
2953	4699	6
3823	50	3
3834	4700	1
955	4660	3
1974	88	5
10	3666	4
2204	679	1
2286	2285	0
10	4701	4
3682	1769	2
3879	1721	1
3188	4702	1
1678	2919	0
935	2285	1
4703	4704	9
3221	2504	1
664	3523	3
3026	2327	3
10	4705	4
120	3136	6
89	4706	3
3333	1010	1
38	4707	0
1199	1922	0
726	4708	3
3325	1874	3
2254	4709	3
606	995	1
164	4710	4
742	1390	3
85	3048	2
4567	4711	2
3465	679	1
3021	4712	3
66	4713	2
1481	4473	3
3656	1285	0
233	232	0
2316	454	0
155	4714	2
1063	4715	2
10	699	4
4481	3892	0
4679	4252	0
3474	3139	1
10	4716	4
1624	3479	1
348	4020	6
153	4717	3
348	1416	6
1297	2442	3
976	658	1
120	4718	6
4034	241	1
10	4338	4
155	4192	2
793	160	0
1827	1826	0
1605	2094	1
2621	2154	1
10	4719	4
10	4383	6
1751	2027	0
2121	3343	0
1735	569	0
2721	4720	1
3447	4721	1
216	3351	3
36	4346	4
1555	1328	0
3664	1095	1
2755	3556	3
2423	4122	3
10	4664	4
3571	4722	1
348	1520	6
120	4723	6
701	4724	4
4438	4725	3
2062	2061	0
1297	4452	3
1681	1680	0
1055	325	0
1014	2481	3
10	567	4
1526	3124	0
10	4726	4
26	2564	2
3935	421	5
108	837	2
981	3371	1
3256	329	0
1241	2988	3
4727	2805	1
1404	4728	3
3481	679	1
1577	503	5
10	4729	4
10	4730	4
2693	4731	1
4732	3266	3
4062	4733	2
4734	2575	1
26	4735	2
1570	4736	3
941	4737	2
4036	4738	3
3881	4739	1
10	4740	4
3595	4741	0
971	4742	0
10	4743	4
819	4744	3
2110	4745	3
242	4746	4
4469	4747	1
4748	2713	1
3556	4749	3
4506	4750	3
4751	290	1
177	4752	4
370	4753	1
4754	3856	1
89	4755	3
3588	4756	1
2672	4757	1
10	4758	4
4759	4760	3
1451	4761	3
348	4762	6
4763	2859	0
10	4764	4
26	4765	4
2524	4766	4
348	4767	6
1747	4768	3
3243	4769	2
85	4770	2
153	4771	3
1088	4772	1
234	4773	2
906	4774	2
2931	4775	3
1417	4776	1
744	4777	1
2836	4778	3
4541	4779	1
1514	4780	1
1456	4781	2
4593	4782	3
1063	4783	2
348	4784	6
572	4785	0
2000	4786	3
348	4787	6
348	4788	6
4789	386	5
1641	4790	2
89	4791	3
701	4792	4
4793	4794	0
913	4795	2
2143	4796	2
4797	1238	0
4798	1770	1
629	4799	3
701	4800	2
1546	4801	1
1933	4802	2
4803	1453	1
234	4804	2
10	4805	4
1126	4806	3
4807	2667	0
4808	4809	3
758	4810	2
4055	4811	3
3004	4812	1
3897	4813	1
669	4814	3
4056	4815	0
220	4816	2
305	4817	2
217	4818	3
10	4819	4
10	4820	4
10	4821	4
3336	4822	0
10	4823	4
26	4824	2
26	4825	2
1627	4826	3
4827	3094	3
4828	3722	3
85	4829	2
1691	4830	2
3112	4831	1
3440	4832	3
1950	4833	2
4575	4834	1
89	4835	3
4836	4837	3
10	4838	4
4839	1984	1
155	4840	2
3162	4841	1
2063	4842	0
3493	4843	1
155	4844	2
4845	1635	0
3419	4846	0
1233	4847	2
89	4848	3
10	4849	4
236	4850	2
1365	4851	2
85	4852	4
943	4853	0
1582	4854	2
4855	3348	1
10	4856	4
155	4857	2
348	4858	6
120	4859	6
3256	4860	0
236	4861	2
4126	4862	5
26	4863	4
2254	4864	3
36	4865	4
4866	3779	1
2964	4867	3
1063	4868	2
1359	4869	2
1259	4870	3
3898	4871	1
164	4872	2
4077	4873	3
120	4874	6
4875	382	1
2192	4876	1
701	4877	2
10	4878	4
2169	4879	1
2485	4880	1
1193	4881	3
155	4882	2
10	4883	4
2452	4884	3
120	4885	6
833	4886	0
124	4887	2
701	4888	2
120	4889	6
2034	4890	1
4016	4891	3
826	4892	3
3418	4893	3
124	4894	2
155	4895	2
4061	4896	3
879	4897	2
3014	4898	2
220	4899	2
1115	4900	1
582	4901	2
4902	4096	3
89	4903	3
1237	4904	0
3175	4905	0
89	4906	3
410	4907	2
558	4908	2
4909	82	1
220	4910	2
3180	4911	3
3333	4912	2
10	4913	4
1477	4914	2
3503	4915	3
2221	4916	4
10	4917	4
4918	2210	1
89	4919	3
89	4920	3
10	4921	4
2438	4922	3
2174	4923	1
1582	4924	2
1126	4925	3
338	4926	2
4927	162	5
1639	4928	3
10	4929	4
10	4930	4
4241	4931	3
70	4932	3
519	4933	4
348	4934	6
4935	1908	1
234	4936	2
4	4937	2
10	4938	4
4487	4939	3
10	4940	4
410	4941	2
2766	4942	3
891	4943	2
1683	4944	5
4945	4373	0
899	4946	1
1116	4947	3
1252	4948	2
220	4949	2
4149	4950	1
4353	4951	1
1192	4952	2
348	4953	6
348	4954	6
26	4955	2
89	4956	3
10	4957	4
4958	736	0
2540	4959	3
89	4960	3
1259	4961	3
348	4962	6
922	4963	2
10	4964	4
2552	4965	1
1645	4966	2
1265	4967	2
758	4968	4
1126	4969	3
635	4970	2
177	4971	4
348	4972	6
10	4973	4
120	4974	6
4697	4975	1
2491	4976	3
591	4977	1
10	4978	4
10	4979	4
1233	4980	2
348	4981	6
4982	1961	1
4702	4983	7
305	4984	2
120	4985	6
89	4986	3
3556	4987	3
4988	1143	1
1775	4989	1
4078	4990	3
558	4991	2
236	4992	2
10	4993	4
4994	73	1
3786	4995	3
4996	2548	1
1094	4997	3
4998	1428	0
701	4999	2
2891	5000	1
535	5001	2
10	5002	4
4	5003	2
1344	5004	2
1126	5005	3
2259	5006	0
348	5007	6
10	5008	4
348	5009	6
4915	5010	3
153	5011	3
2097	5012	3
66	5013	2
124	5014	2
2659	5015	1
3888	5016	3
66	5017	2
236	5018	2
428	5019	0
1233	5020	2
10	5021	4
36	5022	4
819	5023	3
10	5024	4
89	5025	3
519	5026	4
348	5027	6
276	5028	0
2025	5029	3
4607	5030	1
861	5031	3
3070	5032	1
649	5033	1
348	5034	6
10	5035	6
348	5036	6
4601	5037	2
26	5038	2
10	5039	4
682	5040	3
120	5041	6
89	5042	3
3615	5043	3
4472	5044	3
961	5045	2
10	5046	4
5047	679	1
1474	5048	2
336	5049	1
5050	2279	1
1994	5051	3
3077	5052	1
737	5053	3
1800	5054	3
10	5055	4
348	5056	6
3223	5057	1
1529	5058	1
4390	5059	1
10	5060	4
1542	5061	2
348	5062	6
1627	5063	3
1241	5064	3
520	5065	2
236	5066	4
153	5067	3
70	5068	3
558	5069	2
4384	5070	1
220	5071	2
26	5072	2
3021	5073	3
520	5074	5
10	5075	4
348	5076	6
1524	5077	1
961	5078	2
1353	5079	2
849	5080	1
4533	5081	3
1742	5082	3
2124	5083	2
